# Genesis out-of-scope baseline | type slot fr T:X:Y:D:Q:A:HP:St:Ms:Tm:StTm:Hit:SDir:SDist
T$07 s1 f  0 07 80 78 00 20 05 00 00 00 1C 00 00 00 00
T$07 s1 f  1 07 80 78 00 20 05 00 00 00 1B 00 00 00 00
T$07 s1 f  2 07 80 78 00 20 05 00 00 00 1A 00 00 00 00
T$07 s1 f  3 07 80 78 00 20 05 00 00 00 19 00 00 00 00
T$07 s1 f  4 07 80 78 00 20 05 00 00 00 18 00 00 00 00
T$07 s1 f  5 07 80 78 00 20 05 00 00 00 17 00 00 00 00
T$07 s1 f  6 07 80 78 00 20 05 00 00 00 16 00 00 00 00
T$07 s1 f  7 07 80 78 00 20 05 00 00 00 15 00 00 00 00
T$07 s1 f  8 07 80 78 00 20 05 00 00 00 14 00 00 00 00
T$07 s1 f  9 07 80 78 00 20 05 00 00 00 13 00 00 00 00
T$07 s1 f 10 07 80 78 00 20 05 00 00 00 12 00 00 00 00
T$07 s1 f 11 07 80 78 00 20 05 00 00 00 11 00 00 00 00
T$07 s1 f 12 07 80 78 00 20 05 00 00 00 10 00 00 00 00
T$07 s1 f 13 07 80 78 00 20 05 00 00 00 0F 00 00 00 00
T$07 s1 f 14 07 80 78 00 20 05 00 00 00 0E 00 00 00 00
T$07 s1 f 15 07 80 78 00 20 05 00 00 00 0D 00 00 00 00
T$07 s1 f 16 07 80 78 00 20 05 00 00 00 0C 00 00 00 00
T$07 s1 f 17 07 80 78 00 20 05 00 00 00 0B 00 00 00 00
T$07 s1 f 18 07 80 78 00 20 05 00 00 00 0A 00 00 00 00
T$07 s1 f 19 07 80 78 00 20 05 00 00 00 09 00 00 00 00
T$07 s1 f 20 07 80 78 00 20 05 00 00 00 08 00 00 00 00
T$07 s1 f 21 07 80 78 00 20 05 00 00 00 07 00 00 00 00
T$07 s1 f 22 07 80 78 00 20 05 00 00 00 06 00 00 00 00
T$07 s1 f 23 07 80 78 00 20 05 00 00 00 05 00 00 00 00
T$07 s1 f 24 07 80 78 00 20 05 00 00 00 04 00 00 00 00
T$07 s1 f 25 07 80 78 00 20 05 00 00 00 03 00 00 00 00
T$07 s1 f 26 07 80 78 00 20 05 00 00 00 02 00 00 00 00
T$07 s1 f 27 07 80 78 00 20 05 00 00 00 01 00 00 00 00
T$07 s1 f 28 07 80 78 00 20 05 00 00 00 06 00 00 00 00
T$07 s1 f 29 07 80 78 00 20 05 00 00 00 05 00 00 00 00
T$07 s1 f 30 07 80 78 00 20 05 00 00 00 04 00 00 00 00
T$07 s1 f 31 07 80 78 00 20 05 00 00 00 03 00 00 00 00
T$07 s1 f 32 07 80 78 00 20 05 00 00 00 02 00 00 00 00
T$07 s1 f 33 07 80 78 00 20 05 00 00 00 01 00 00 00 00
T$07 s1 f 34 07 80 78 00 20 05 00 00 00 06 00 00 00 00
T$07 s1 f 35 07 80 78 00 20 05 00 00 00 05 00 00 00 00
T$07 s1 f 36 07 80 78 00 20 05 00 00 00 04 00 00 00 00
T$07 s1 f 37 07 80 78 00 20 05 00 00 00 03 00 00 00 00
T$07 s1 f 38 07 80 78 00 20 05 00 00 00 02 00 00 00 00
T$07 s1 f 39 07 80 78 00 20 05 00 00 00 01 00 00 00 00
T$07 s1 f 40 07 80 78 00 20 05 00 00 00 06 00 00 00 00
T$07 s1 f 41 07 80 78 00 00 05 00 00 00 05 00 00 00 00
T$07 s1 f 42 07 80 78 00 00 05 00 00 00 04 00 00 00 00
T$07 s1 f 43 07 80 78 00 00 05 00 00 00 03 00 00 00 00
T$07 s1 f 44 07 80 78 00 00 05 00 00 00 02 00 00 00 00
T$07 s1 f 45 07 80 78 00 00 05 00 00 00 01 00 00 00 00
T$07 s1 f 46 07 80 78 00 00 05 00 00 00 00 00 00 00 00
T$07 s1 f 47 07 80 78 00 00 05 00 00 00 00 00 00 00 00
T$07 s1 f 48 07 80 78 00 00 05 00 00 00 00 00 00 00 00
T$07 s1 f 49 07 80 78 00 00 05 00 00 00 00 00 00 00 00
T$07 s1 f 50 07 80 78 00 00 05 00 00 00 00 00 00 00 00
T$07 s1 f 51 07 80 78 00 00 05 00 00 00 00 00 00 00 00
T$07 s1 f 52 07 80 78 00 00 05 00 00 00 00 00 00 00 00
T$07 s1 f 53 07 80 78 00 00 05 00 00 00 00 00 00 00 00
T$07 s1 f 54 07 80 78 00 00 05 00 00 00 00 00 00 00 00
T$07 s1 f 55 07 80 78 00 00 05 00 00 00 00 00 00 00 00
T$07 s1 f 56 07 80 78 00 00 05 00 00 00 00 00 00 00 00
T$07 s1 f 57 07 80 78 00 00 05 00 00 00 00 00 00 00 00
T$07 s1 f 58 07 80 78 00 00 05 00 00 00 00 00 00 00 00
T$07 s1 f 59 07 80 78 00 00 05 00 00 00 00 00 00 00 00
T$07 s1 f 60 07 80 78 00 00 05 00 00 00 00 00 00 00 00
T$07 s1 f 61 07 80 78 00 00 05 00 00 00 00 00 00 00 00
T$07 s1 f 62 07 80 78 00 00 05 00 00 00 00 00 00 00 00
T$07 s1 f 63 07 80 78 00 00 05 00 00 00 00 00 00 00 00
T$07 s1 f 64 07 80 78 00 00 05 00 00 00 00 00 00 00 00
T$07 s1 f 65 07 80 78 00 00 05 00 00 00 00 00 00 00 00
T$07 s1 f 66 07 80 78 00 00 05 00 00 00 00 00 00 00 00
T$07 s1 f 67 07 80 78 00 00 05 00 00 00 00 00 00 00 00
T$07 s1 f 68 07 80 78 00 00 05 00 00 00 00 00 00 00 00
T$07 s1 f 69 07 80 78 00 00 05 00 00 00 00 00 00 00 00
T$07 s1 f 70 07 80 78 00 00 05 00 00 00 00 00 00 00 00
T$07 s1 f 71 07 80 78 00 00 05 00 00 00 00 00 00 00 00
T$07 s1 f 72 07 80 78 00 00 05 00 00 00 00 00 00 00 00
T$07 s1 f 73 07 80 78 00 00 05 00 00 00 80 00 00 00 00
T$07 s1 f 74 07 80 78 00 00 05 00 00 00 7F 00 00 00 00
T$07 s1 f 75 07 80 78 00 00 05 00 00 00 7E 00 00 00 00
T$07 s1 f 76 07 80 78 00 00 05 00 00 00 7D 00 00 00 00
T$07 s1 f 77 07 80 78 00 00 05 00 00 00 7C 00 00 00 00
T$07 s1 f 78 07 80 78 00 00 05 00 00 00 7B 00 00 00 00
T$07 s1 f 79 07 80 78 00 00 05 00 00 00 7A 00 00 00 00
T$07 s1 f 80 07 80 78 00 00 05 00 00 00 79 00 00 00 00
T$07 s1 f 81 07 80 78 00 00 05 00 00 00 78 00 00 00 00
T$07 s1 f 82 07 80 78 00 00 05 00 00 00 77 00 00 00 00
T$07 s1 f 83 07 80 78 00 00 05 00 00 00 76 00 00 00 00
T$07 s1 f 84 07 80 78 00 00 05 00 00 00 75 00 00 00 00
T$07 s1 f 85 07 80 78 00 00 05 00 00 00 74 00 00 00 00
T$07 s1 f 86 07 80 78 00 00 05 00 00 00 73 00 00 00 00
T$07 s1 f 87 07 80 78 00 00 05 00 00 00 72 00 00 00 00
T$07 s1 f 88 07 80 78 00 00 05 00 00 00 71 00 00 00 00
T$07 s1 f 89 07 80 78 00 20 05 00 00 00 70 00 00 00 00
T$07 s1 f 90 07 80 78 00 00 05 00 00 00 6F 00 00 00 00
T$07 s1 f 91 07 80 78 00 00 05 00 00 00 6E 00 00 00 00
T$07 s1 f 92 07 80 78 00 00 05 00 00 00 6D 00 00 00 00
T$07 s1 f 93 07 80 78 00 00 05 00 00 00 6C 00 00 00 00
T$07 s1 f 94 07 80 78 00 00 05 00 00 00 6B 00 00 00 00
T$07 s1 f 95 07 80 78 00 00 05 00 00 00 6A 00 00 00 00
T$07 s1 f 96 07 80 78 00 00 05 00 00 00 69 00 00 00 00
T$07 s1 f 97 07 80 78 00 00 05 00 00 00 68 00 00 00 00
T$07 s1 f 98 07 80 78 00 00 05 00 00 00 67 00 00 00 00
T$07 s1 f 99 07 80 78 00 00 05 00 00 00 66 00 00 00 00
T$07 s1 f100 07 80 78 00 00 05 00 00 00 65 00 00 00 00
T$07 s1 f101 07 80 78 00 00 05 00 00 00 64 00 00 00 00
T$07 s1 f102 07 80 78 00 00 05 00 00 00 63 00 00 00 00
T$07 s1 f103 07 80 78 00 00 05 00 00 00 62 00 00 00 00
T$07 s1 f104 07 80 78 00 00 05 00 00 00 61 00 00 00 00
T$07 s1 f105 07 80 78 00 00 05 00 00 00 60 00 00 00 00
T$07 s1 f106 07 80 78 00 00 05 00 00 00 5F 00 00 00 00
T$07 s1 f107 07 80 78 00 00 05 00 00 00 5E 00 00 00 00
T$07 s1 f108 07 80 78 00 00 05 00 00 00 5D 00 00 00 00
T$07 s1 f109 07 80 78 00 00 05 00 00 00 5C 00 00 00 00
T$07 s1 f110 07 80 78 00 00 05 00 00 00 5B 00 00 00 00
T$07 s1 f111 07 80 78 00 00 05 00 00 00 5A 00 00 00 00
T$07 s1 f112 07 80 78 00 00 05 00 00 00 59 00 00 00 00
T$07 s1 f113 07 80 78 00 00 05 00 00 00 58 00 00 00 00
T$07 s1 f114 07 80 78 00 00 05 00 00 00 57 00 00 00 00
T$07 s1 f115 07 80 78 00 00 05 00 00 00 56 00 00 00 00
T$07 s1 f116 07 80 78 00 00 05 00 00 00 55 00 00 00 00
T$07 s1 f117 07 80 78 00 00 05 00 00 00 54 00 00 00 00
T$07 s1 f118 07 80 78 00 00 05 00 00 00 53 00 00 00 00
T$07 s1 f119 07 80 78 00 00 05 00 00 00 52 00 00 00 00
T$07 s1 f120 07 80 78 00 00 05 00 00 00 51 00 00 00 00
T$07 s1 f121 07 80 78 00 00 05 00 00 00 50 00 00 00 00
T$07 s1 f122 07 80 78 00 00 05 00 00 00 80 00 00 00 00
T$07 s1 f123 07 80 78 00 00 05 00 00 00 7F 00 00 00 00
T$07 s1 f124 07 80 78 00 00 05 00 00 00 7E 00 00 00 00
T$07 s1 f125 07 80 78 00 00 05 00 00 00 7D 00 00 00 00
T$07 s1 f126 07 80 78 00 00 05 00 00 00 7C 00 00 00 00
T$07 s1 f127 07 80 78 00 00 05 00 00 00 7B 00 00 00 00
T$07 s1 f128 07 80 78 00 00 05 00 00 00 7A 00 00 00 00
T$07 s1 f129 07 80 78 00 00 05 00 00 00 79 00 00 00 00
T$07 s1 f130 07 80 78 00 00 05 00 00 00 78 00 00 00 00
T$07 s1 f131 07 80 78 00 00 05 00 00 00 77 00 00 00 00
T$07 s1 f132 07 80 78 00 00 05 00 00 00 76 00 00 00 00
T$07 s1 f133 07 80 78 00 00 05 00 00 00 75 00 00 00 00
T$07 s1 f134 07 80 78 00 00 05 00 00 00 74 00 00 00 00
T$07 s1 f135 07 80 78 00 00 05 00 00 00 73 00 00 00 00
T$07 s1 f136 07 80 78 00 00 05 00 00 00 72 00 00 00 00
T$07 s1 f137 07 80 78 00 00 05 00 00 00 71 00 00 00 00
T$07 s1 f138 07 80 78 00 20 05 00 00 00 70 00 00 00 00
T$07 s1 f139 07 7F 78 00 20 05 00 00 00 6F 00 00 00 00
T$07 s1 f140 07 7F 78 00 20 05 00 00 00 6E 00 00 00 00
T$07 s1 f141 07 7E 78 00 20 05 00 00 00 6D 00 00 00 00
T$07 s1 f142 07 7E 78 00 20 05 00 00 00 6C 00 00 00 00
T$07 s1 f143 07 7D 78 00 20 05 00 00 00 6B 00 00 00 00
T$07 s1 f144 07 7D 78 00 20 05 00 00 00 6A 00 00 00 00
T$07 s1 f145 07 7C 78 00 20 05 00 00 00 69 00 00 00 00
T$07 s1 f146 07 7C 78 00 20 05 00 00 00 68 00 00 00 00
T$07 s1 f147 07 7B 78 00 20 05 00 00 00 67 00 00 00 00
T$07 s1 f148 07 7B 78 00 20 05 00 00 00 66 00 00 00 00
T$07 s1 f149 07 7A 78 00 20 05 00 00 00 65 00 00 00 00
T$07 s1 f150 07 7A 78 00 20 05 00 00 00 64 00 00 00 00
T$07 s1 f151 07 79 78 00 20 05 00 00 00 63 00 00 00 00
T$07 s1 f152 07 79 78 00 20 05 00 00 00 62 00 00 00 00
T$07 s1 f153 07 78 78 00 20 05 00 00 00 61 00 00 00 00
T$07 s1 f154 07 78 78 00 20 05 00 00 00 60 00 00 00 00
T$07 s1 f155 07 77 78 00 20 05 00 00 00 5F 00 00 00 00
T$07 s1 f156 07 77 78 00 20 05 00 00 00 5E 00 00 00 00
T$07 s1 f157 07 76 78 00 20 05 00 00 00 5D 00 00 00 00
T$07 s1 f158 07 76 78 00 20 05 00 00 00 5C 00 00 00 00
T$07 s1 f159 07 75 78 00 20 05 00 00 00 5B 00 00 00 00
T$07 s1 f160 07 75 78 00 20 05 00 00 00 5A 00 00 00 00
T$07 s1 f161 07 74 78 00 20 05 00 00 00 59 00 00 00 00
T$07 s1 f162 07 74 78 00 20 05 00 00 00 58 00 00 00 00
T$07 s1 f163 07 73 78 00 20 05 00 00 00 57 00 00 00 00
T$07 s1 f164 07 73 78 00 20 05 00 00 00 56 00 00 00 00
T$07 s1 f165 07 72 78 00 20 05 00 00 00 55 00 00 00 00
T$07 s1 f166 07 72 78 00 20 05 00 00 00 54 00 00 00 00
T$07 s1 f167 07 71 78 00 20 05 00 00 00 53 00 00 00 00
T$07 s1 f168 07 71 78 00 20 05 00 00 00 52 00 00 00 00
T$07 s1 f169 07 70 78 00 00 05 00 00 00 51 00 00 00 00
T$07 s1 f170 07 70 78 00 00 05 00 00 00 50 00 00 00 00
T$07 s1 f171 07 70 78 00 00 05 00 00 00 4F 00 00 00 00
T$07 s1 f172 07 70 78 00 00 05 00 00 00 4E 00 00 00 00
T$07 s1 f173 07 70 78 00 00 05 00 00 00 4D 00 00 00 00
T$07 s1 f174 07 70 78 00 00 05 00 00 00 4C 00 00 00 00
T$07 s1 f175 07 70 78 00 00 05 00 00 00 4B 00 00 00 00
T$07 s1 f176 07 70 78 00 00 05 00 00 00 4A 00 00 00 00
T$07 s1 f177 07 70 78 00 00 05 00 00 00 49 00 00 00 00
T$07 s1 f178 07 70 78 00 00 05 00 00 00 48 00 00 00 00
T$07 s1 f179 07 70 78 00 00 05 00 00 00 47 00 00 00 00
T$07 s1 f180 07 70 78 00 00 05 00 00 00 46 00 00 00 00
T$07 s1 f181 07 70 78 00 00 05 00 00 00 45 00 00 00 00
T$07 s1 f182 07 70 78 00 00 05 00 00 00 44 00 00 00 00
T$07 s1 f183 07 70 78 00 00 05 00 00 00 43 00 00 00 00
T$07 s1 f184 07 70 78 00 00 05 00 00 00 42 00 00 00 00
T$07 s1 f185 07 70 78 00 00 05 00 00 00 41 00 00 00 00
T$07 s1 f186 07 70 78 00 00 05 00 00 00 40 00 00 00 00
T$07 s1 f187 07 70 78 00 00 05 00 00 00 3F 00 00 00 00
T$07 s1 f188 07 70 78 00 00 05 00 00 00 3E 00 00 00 00
T$07 s1 f189 07 70 78 00 00 05 00 00 00 3D 00 00 00 00
T$07 s1 f190 07 70 78 00 00 05 00 00 00 3C 00 00 00 00
T$07 s1 f191 07 70 78 00 00 05 00 00 00 3B 00 00 00 00
T$07 s1 f192 07 70 78 00 00 05 00 00 00 3A 00 00 00 00
T$07 s1 f193 07 70 78 00 00 05 00 00 00 39 00 00 00 00
T$07 s1 f194 07 70 78 00 00 05 00 00 00 38 00 00 00 00
T$07 s1 f195 07 70 78 00 00 05 00 00 00 37 00 00 00 00
T$07 s1 f196 07 70 78 00 00 05 00 00 00 36 00 00 00 00
T$07 s1 f197 07 70 78 00 00 05 00 00 00 35 00 00 00 00
T$07 s1 f198 07 70 78 00 00 05 00 00 00 34 00 00 00 00
T$07 s1 f199 07 70 78 00 00 05 00 00 00 33 00 00 00 00
T$07 s1 f200 07 70 78 00 00 05 00 00 00 32 00 00 00 00
T$07 s1 f201 07 70 78 00 00 05 00 00 00 80 00 00 00 00
T$07 s1 f202 07 70 78 00 00 05 00 00 00 7F 00 00 00 00
T$07 s1 f203 07 70 78 00 00 05 00 00 00 7E 00 00 00 00
T$07 s1 f204 07 70 78 00 00 05 00 00 00 7D 00 00 00 00
T$07 s1 f205 07 70 78 00 00 05 00 00 00 7C 00 00 00 00
T$07 s1 f206 07 70 78 00 00 05 00 00 00 7B 00 00 00 00
T$07 s1 f207 07 70 78 00 00 05 00 00 00 7A 00 00 00 00
T$07 s1 f208 07 70 78 00 00 05 00 00 00 79 00 00 00 00
T$07 s1 f209 07 70 78 00 00 05 00 00 00 78 00 00 00 00
T$07 s1 f210 07 70 78 00 00 05 00 00 00 77 00 00 00 00
T$07 s1 f211 07 70 78 00 00 05 00 00 00 76 00 00 00 00
T$07 s1 f212 07 70 78 00 00 05 00 00 00 75 00 00 00 00
T$07 s1 f213 07 70 78 00 00 05 00 00 00 74 00 00 00 00
T$07 s1 f214 07 70 78 00 00 05 00 00 00 73 00 00 00 00
T$07 s1 f215 07 70 78 00 00 05 00 00 00 72 00 00 00 00
T$07 s1 f216 07 70 78 00 00 05 00 00 00 71 00 00 00 00
T$07 s1 f217 07 70 78 00 20 05 00 00 00 70 00 00 00 00
T$07 s1 f218 07 70 79 00 20 05 00 00 00 6F 00 00 00 00
T$07 s1 f219 07 70 79 00 20 05 00 00 00 6E 00 00 00 00
T$07 s1 f220 07 70 7A 00 20 05 00 00 00 6D 00 00 00 00
T$07 s1 f221 07 70 7A 00 20 05 00 00 00 6C 00 00 00 00
T$07 s1 f222 07 70 7B 00 20 05 00 00 00 6B 00 00 00 00
T$07 s1 f223 07 70 7B 00 20 05 00 00 00 6A 00 00 00 00
T$07 s1 f224 07 70 7C 00 20 05 00 00 00 69 00 00 00 00
T$07 s1 f225 07 70 7C 00 20 05 00 00 00 68 00 00 00 00
T$07 s1 f226 07 70 7D 00 20 05 00 00 00 67 00 00 00 00
T$07 s1 f227 07 70 7D 00 20 05 00 00 00 66 00 00 00 00
T$07 s1 f228 07 70 7E 00 20 05 00 00 00 65 00 00 00 00
T$07 s1 f229 07 70 7E 00 20 05 00 00 00 64 00 00 00 00
T$07 s1 f230 07 70 7F 00 20 05 00 00 00 63 00 00 00 00
T$07 s1 f231 07 70 7F 00 20 05 00 00 00 62 00 00 00 00
T$07 s1 f232 07 70 80 00 20 05 00 00 00 61 00 00 00 00
T$07 s1 f233 07 70 80 00 20 05 00 00 00 60 00 00 00 00
T$07 s1 f234 07 70 81 00 20 05 00 00 00 5F 00 00 00 00
T$07 s1 f235 07 70 81 00 20 05 00 00 00 5E 00 00 00 00
T$07 s1 f236 07 70 82 00 20 05 00 00 00 5D 00 00 00 00
T$07 s1 f237 07 70 82 00 20 05 00 00 00 5C 00 00 00 00
T$07 s1 f238 07 70 83 00 20 05 00 00 00 5B 00 00 00 00
T$07 s1 f239 07 70 83 00 20 05 00 00 00 5A 00 00 00 00
T$08 s1 f  0 08 80 78 00 30 05 00 00 00 1C 00 00 00 00
T$08 s1 f  1 08 80 78 00 30 05 00 00 00 1B 00 00 00 00
T$08 s1 f  2 08 80 78 00 30 05 00 00 00 1A 00 00 00 00
T$08 s1 f  3 08 80 78 00 30 05 00 00 00 19 00 00 00 00
T$08 s1 f  4 08 80 78 00 30 05 00 00 00 18 00 00 00 00
T$08 s1 f  5 08 80 78 00 30 05 00 00 00 17 00 00 00 00
T$08 s1 f  6 08 80 78 00 30 05 00 00 00 16 00 00 00 00
T$08 s1 f  7 08 80 78 00 30 05 00 00 00 15 00 00 00 00
T$08 s1 f  8 08 80 78 00 30 05 00 00 00 14 00 00 00 00
T$08 s1 f  9 08 80 78 00 30 05 00 00 00 13 00 00 00 00
T$08 s1 f 10 08 80 78 00 30 05 00 00 00 12 00 00 00 00
T$08 s1 f 11 08 80 78 00 30 05 00 00 00 11 00 00 00 00
T$08 s1 f 12 08 80 78 00 30 05 00 00 00 10 00 00 00 00
T$08 s1 f 13 08 80 78 00 30 05 00 00 00 0F 00 00 00 00
T$08 s1 f 14 08 80 78 00 30 05 00 00 00 0E 00 00 00 00
T$08 s1 f 15 08 80 78 00 30 05 00 00 00 0D 00 00 00 00
T$08 s1 f 16 08 80 78 00 30 05 00 00 00 0C 00 00 00 00
T$08 s1 f 17 08 80 78 00 30 05 00 00 00 0B 00 00 00 00
T$08 s1 f 18 08 80 78 00 30 05 00 00 00 0A 00 00 00 00
T$08 s1 f 19 08 80 78 00 30 05 00 00 00 09 00 00 00 00
T$08 s1 f 20 08 80 78 00 30 05 00 00 00 08 00 00 00 00
T$08 s1 f 21 08 80 78 00 30 05 00 00 00 07 00 00 00 00
T$08 s1 f 22 08 80 78 00 30 05 00 00 00 06 00 00 00 00
T$08 s1 f 23 08 80 78 00 30 05 00 00 00 05 00 00 00 00
T$08 s1 f 24 08 80 78 00 30 05 00 00 00 04 00 00 00 00
T$08 s1 f 25 08 80 78 00 30 05 00 00 00 03 00 00 00 00
T$08 s1 f 26 08 80 78 00 30 05 00 00 00 02 00 00 00 00
T$08 s1 f 27 08 80 78 00 30 05 00 00 00 01 00 00 00 00
T$08 s1 f 28 08 80 78 00 30 05 00 00 00 06 00 00 00 00
T$08 s1 f 29 08 80 78 00 30 05 00 00 00 05 00 00 00 00
T$08 s1 f 30 08 80 78 00 30 05 00 00 00 04 00 00 00 00
T$08 s1 f 31 08 80 78 00 30 05 00 00 00 03 00 00 00 00
T$08 s1 f 32 08 80 78 00 30 05 00 00 00 02 00 00 00 00
T$08 s1 f 33 08 80 78 00 30 05 00 00 00 01 00 00 00 00
T$08 s1 f 34 08 80 78 00 30 05 00 00 00 06 00 00 00 00
T$08 s1 f 35 08 80 78 00 30 05 00 00 00 05 00 00 00 00
T$08 s1 f 36 08 80 78 00 30 05 00 00 00 04 00 00 00 00
T$08 s1 f 37 08 80 78 00 30 05 00 00 00 03 00 00 00 00
T$08 s1 f 38 08 80 78 00 30 05 00 00 00 02 00 00 00 00
T$08 s1 f 39 08 80 78 00 30 05 00 00 00 01 00 00 00 00
T$08 s1 f 40 08 80 78 00 30 05 00 00 00 06 00 00 00 00
T$08 s1 f 41 08 80 78 00 40 05 00 00 00 05 00 00 00 00
T$08 s1 f 42 08 81 78 00 40 05 00 00 00 04 00 00 00 00
T$08 s1 f 43 08 82 78 00 40 05 00 00 00 03 00 00 00 00
T$08 s1 f 44 08 83 78 00 40 05 00 00 00 02 00 00 00 00
T$08 s1 f 45 08 84 78 00 00 05 00 00 00 01 00 00 00 00
T$08 s1 f 46 08 84 78 00 00 05 00 00 00 00 00 00 00 00
T$08 s1 f 47 08 84 78 00 00 05 00 00 00 00 00 00 00 00
T$08 s1 f 48 08 84 78 00 00 05 00 00 00 00 00 00 00 00
T$08 s1 f 49 08 84 78 00 00 05 00 00 00 00 00 00 00 00
T$08 s1 f 50 08 84 78 00 00 05 00 00 00 00 00 00 00 00
T$08 s1 f 51 08 84 78 00 00 05 00 00 00 00 00 00 00 00
T$08 s1 f 52 08 84 78 00 00 05 00 00 00 00 00 00 00 00
T$08 s1 f 53 08 84 78 00 00 05 00 00 00 00 00 00 00 00
T$08 s1 f 54 08 84 78 00 00 05 00 00 00 00 00 00 00 00
T$08 s1 f 55 08 84 78 00 00 05 00 00 00 00 00 00 00 00
T$08 s1 f 56 08 84 78 00 00 05 00 00 00 00 00 00 00 00
T$08 s1 f 57 08 84 78 00 00 05 00 00 00 00 00 00 00 00
T$08 s1 f 58 08 84 78 00 00 05 00 00 00 00 00 00 00 00
T$08 s1 f 59 08 84 78 00 00 05 00 00 00 00 00 00 00 00
T$08 s1 f 60 08 84 78 00 00 05 00 00 00 00 00 00 00 00
T$08 s1 f 61 08 84 78 00 00 05 00 00 00 00 00 00 00 00
T$08 s1 f 62 08 84 78 00 00 05 00 00 00 00 00 00 00 00
T$08 s1 f 63 08 84 78 00 00 05 00 00 00 00 00 00 00 00
T$08 s1 f 64 08 84 78 00 00 05 00 00 00 00 00 00 00 00
T$08 s1 f 65 08 84 78 00 00 05 00 00 00 00 00 00 00 00
T$08 s1 f 66 08 84 78 00 00 05 00 00 00 00 00 00 00 00
T$08 s1 f 67 08 84 78 00 00 05 00 00 00 00 00 00 00 00
T$08 s1 f 68 08 84 78 00 00 05 00 00 00 00 00 00 00 00
T$08 s1 f 69 08 84 78 00 00 05 00 00 00 00 00 00 00 00
T$08 s1 f 70 08 84 78 00 00 05 00 00 00 00 00 00 00 00
T$08 s1 f 71 08 84 78 00 00 05 00 00 00 00 00 00 00 00
T$08 s1 f 72 08 84 78 00 00 05 00 00 00 00 00 00 00 00
T$08 s1 f 73 08 84 78 00 00 05 00 00 00 00 00 00 00 00
T$08 s1 f 74 08 84 78 00 00 05 00 00 00 00 00 00 00 00
T$08 s1 f 75 08 84 78 00 00 05 00 00 00 00 00 00 00 00
T$08 s1 f 76 08 84 78 00 00 05 00 00 00 00 00 00 00 00
T$08 s1 f 77 08 84 78 00 00 05 00 00 00 80 00 00 00 00
T$08 s1 f 78 08 84 78 00 00 05 00 00 00 7F 00 00 00 00
T$08 s1 f 79 08 84 78 00 00 05 00 00 00 7E 00 00 00 00
T$08 s1 f 80 08 84 78 00 00 05 00 00 00 7D 00 00 00 00
T$08 s1 f 81 08 84 78 00 00 05 00 00 00 7C 00 00 00 00
T$08 s1 f 82 08 84 78 00 00 05 00 00 00 7B 00 00 00 00
T$08 s1 f 83 08 84 78 00 00 05 00 00 00 7A 00 00 00 00
T$08 s1 f 84 08 84 78 00 00 05 00 00 00 79 00 00 00 00
T$08 s1 f 85 08 84 78 00 00 05 00 00 00 78 00 00 00 00
T$08 s1 f 86 08 84 78 00 00 05 00 00 00 77 00 00 00 00
T$08 s1 f 87 08 84 78 00 00 05 00 00 00 76 00 00 00 00
T$08 s1 f 88 08 84 78 00 00 05 00 00 00 75 00 00 00 00
T$08 s1 f 89 08 84 78 00 00 05 00 00 00 74 00 00 00 00
T$08 s1 f 90 08 84 78 00 00 05 00 00 00 73 00 00 00 00
T$08 s1 f 91 08 84 78 00 00 05 00 00 00 72 00 00 00 00
T$08 s1 f 92 08 84 78 00 00 05 00 00 00 71 00 00 00 00
T$08 s1 f 93 08 84 78 00 40 05 00 00 00 70 00 00 00 00
T$08 s1 f 94 08 84 77 00 40 05 00 00 00 6F 00 00 00 00
T$08 s1 f 95 08 84 76 00 40 05 00 00 00 6E 00 00 00 00
T$08 s1 f 96 08 84 75 00 40 05 00 00 00 6D 00 00 00 00
T$08 s1 f 97 08 84 74 00 40 05 00 00 00 6C 00 00 00 00
T$08 s1 f 98 08 84 73 00 40 05 00 00 00 6B 00 00 00 00
T$08 s1 f 99 08 84 72 00 40 05 00 00 00 6A 00 00 00 00
T$08 s1 f100 08 84 71 00 40 05 00 00 00 69 00 00 00 00
T$08 s1 f101 08 84 70 00 40 05 00 00 00 68 00 00 00 00
T$08 s1 f102 08 84 6F 00 40 05 00 00 00 67 00 00 00 00
T$08 s1 f103 08 84 6E 00 40 05 00 00 00 66 00 00 00 00
T$08 s1 f104 08 84 6D 00 40 05 00 00 00 65 00 00 00 00
T$08 s1 f105 08 84 6C 00 40 05 00 00 00 64 00 00 00 00
T$08 s1 f106 08 84 6B 00 40 05 00 00 00 63 00 00 00 00
T$08 s1 f107 08 84 6A 00 40 05 00 00 00 62 00 00 00 00
T$08 s1 f108 08 84 69 00 40 05 00 00 00 61 00 00 00 00
T$08 s1 f109 08 84 68 00 00 05 00 00 00 60 00 00 00 00
T$08 s1 f110 08 84 68 00 00 05 00 00 00 5F 00 00 00 00
T$08 s1 f111 08 84 68 00 00 05 00 00 00 5E 00 00 00 00
T$08 s1 f112 08 84 68 00 00 05 00 00 00 5D 00 00 00 00
T$08 s1 f113 08 84 68 00 00 05 00 00 00 5C 00 00 00 00
T$08 s1 f114 08 84 68 00 00 05 00 00 00 5B 00 00 00 00
T$08 s1 f115 08 84 68 00 00 05 00 00 00 5A 00 00 00 00
T$08 s1 f116 08 84 68 00 00 05 00 00 00 59 00 00 00 00
T$08 s1 f117 08 84 68 00 00 05 00 00 00 58 00 00 00 00
T$08 s1 f118 08 84 68 00 00 05 00 00 00 57 00 00 00 00
T$08 s1 f119 08 84 68 00 00 05 00 00 00 56 00 00 00 00
T$08 s1 f120 08 84 68 00 00 05 00 00 00 55 00 00 00 00
T$08 s1 f121 08 84 68 00 00 05 00 00 00 54 00 00 00 00
T$08 s1 f122 08 84 68 00 00 05 00 00 00 53 00 00 00 00
T$08 s1 f123 08 84 68 00 00 05 00 00 00 52 00 00 00 00
T$08 s1 f124 08 84 68 00 00 05 00 00 00 51 00 00 00 00
T$08 s1 f125 08 84 68 00 00 05 00 00 00 50 00 00 00 00
T$08 s1 f126 08 84 68 00 00 05 00 00 00 4F 00 00 00 00
T$08 s1 f127 08 84 68 00 00 05 00 00 00 4E 00 00 00 00
T$08 s1 f128 08 84 68 00 00 05 00 00 00 4D 00 00 00 00
T$08 s1 f129 08 84 68 00 00 05 00 00 00 4C 00 00 00 00
T$08 s1 f130 08 84 68 00 00 05 00 00 00 4B 00 00 00 00
T$08 s1 f131 08 84 68 00 00 05 00 00 00 4A 00 00 00 00
T$08 s1 f132 08 84 68 00 00 05 00 00 00 49 00 00 00 00
T$08 s1 f133 08 84 68 00 00 05 00 00 00 48 00 00 00 00
T$08 s1 f134 08 84 68 00 00 05 00 00 00 47 00 00 00 00
T$08 s1 f135 08 84 68 00 00 05 00 00 00 46 00 00 00 00
T$08 s1 f136 08 84 68 00 00 05 00 00 00 45 00 00 00 00
T$08 s1 f137 08 84 68 00 00 05 00 00 00 44 00 00 00 00
T$08 s1 f138 08 84 68 00 00 05 00 00 00 43 00 00 00 00
T$08 s1 f139 08 84 68 00 00 05 00 00 00 42 00 00 00 00
T$08 s1 f140 08 84 68 00 00 05 00 00 00 41 00 00 00 00
T$08 s1 f141 08 84 68 00 00 05 00 00 00 80 00 00 00 00
T$08 s1 f142 08 84 68 00 00 05 00 00 00 7F 00 00 00 00
T$08 s1 f143 08 84 68 00 00 05 00 00 00 7E 00 00 00 00
T$08 s1 f144 08 84 68 00 00 05 00 00 00 7D 00 00 00 00
T$08 s1 f145 08 84 68 00 00 05 00 00 00 7C 00 00 00 00
T$08 s1 f146 08 84 68 00 00 05 00 00 00 7B 00 00 00 00
T$08 s1 f147 08 84 68 00 00 05 00 00 00 7A 00 00 00 00
T$08 s1 f148 08 84 68 00 00 05 00 00 00 79 00 00 00 00
T$08 s1 f149 08 84 68 00 00 05 00 00 00 78 00 00 00 00
T$08 s1 f150 08 84 68 00 00 05 00 00 00 77 00 00 00 00
T$08 s1 f151 08 84 68 00 00 05 00 00 00 76 00 00 00 00
T$08 s1 f152 08 84 68 00 00 05 00 00 00 75 00 00 00 00
T$08 s1 f153 08 84 68 00 00 05 00 00 00 74 00 00 00 00
T$08 s1 f154 08 84 68 00 00 05 00 00 00 73 00 00 00 00
T$08 s1 f155 08 84 68 00 00 05 00 00 00 72 00 00 00 00
T$08 s1 f156 08 84 68 00 00 05 00 00 00 71 00 00 00 00
T$08 s1 f157 08 84 68 00 40 05 00 00 00 70 00 00 00 00
T$08 s1 f158 08 84 69 00 40 05 00 00 00 6F 00 00 00 00
T$08 s1 f159 08 84 6A 00 40 05 00 00 00 6E 00 00 00 00
T$08 s1 f160 08 84 6B 00 40 05 00 00 00 6D 00 00 00 00
T$08 s1 f161 08 84 6C 00 40 05 00 00 00 6C 00 00 00 00
T$08 s1 f162 08 84 6D 00 40 05 00 00 00 6B 00 00 00 00
T$08 s1 f163 08 84 6E 00 40 05 00 00 00 6A 00 00 00 00
T$08 s1 f164 08 84 6F 00 40 05 00 00 00 69 00 00 00 00
T$08 s1 f165 08 84 70 00 40 05 00 00 00 68 00 00 00 00
T$08 s1 f166 08 84 71 00 40 05 00 00 00 67 00 00 00 00
T$08 s1 f167 08 84 72 00 40 05 00 00 00 66 00 00 00 00
T$08 s1 f168 08 84 73 00 40 05 00 00 00 65 00 00 00 00
T$08 s1 f169 08 84 74 00 40 05 00 00 00 64 00 00 00 00
T$08 s1 f170 08 84 75 00 40 05 00 00 00 63 00 00 00 00
T$08 s1 f171 08 84 76 00 40 05 00 00 00 62 00 00 00 00
T$08 s1 f172 08 84 77 00 40 05 00 00 00 61 00 00 00 00
T$08 s1 f173 08 84 78 00 40 05 00 00 00 60 00 00 00 00
T$08 s1 f174 08 84 79 00 40 05 00 00 00 5F 00 00 00 00
T$08 s1 f175 08 84 7A 00 40 05 00 00 00 5E 00 00 00 00
T$08 s1 f176 08 84 7B 00 40 05 00 00 00 5D 00 00 00 00
T$08 s1 f177 08 84 7C 00 40 05 00 00 00 5C 00 00 00 00
T$08 s1 f178 08 84 7D 00 40 05 00 00 00 5B 00 00 00 00
T$08 s1 f179 08 84 7E 00 40 05 00 00 00 5A 00 00 00 00
T$08 s1 f180 08 84 7F 00 40 05 00 00 00 59 00 00 00 00
T$08 s1 f181 08 84 80 00 40 05 00 00 00 58 00 00 00 00
T$08 s1 f182 08 84 81 00 40 05 00 00 00 57 00 00 00 00
T$08 s1 f183 08 84 82 00 40 05 00 00 00 56 00 00 00 00
T$08 s1 f184 08 84 83 00 40 05 00 00 00 55 00 00 00 00
T$08 s1 f185 08 84 84 00 40 05 00 00 00 54 00 00 00 00
T$08 s1 f186 08 84 85 00 40 05 00 00 00 53 00 00 00 00
T$08 s1 f187 08 84 86 00 40 05 00 00 00 52 00 00 00 00
T$08 s1 f188 08 84 87 00 40 05 00 00 00 51 00 00 00 00
T$08 s1 f189 08 84 88 00 00 05 00 00 00 50 00 00 00 00
T$08 s1 f190 08 84 88 00 00 05 00 00 00 4F 00 00 00 00
T$08 s1 f191 08 84 88 00 00 05 00 00 00 4E 00 00 00 00
T$08 s1 f192 08 84 88 00 00 05 00 00 00 4D 00 00 00 00
T$08 s1 f193 08 84 88 00 00 05 00 00 00 4C 00 00 00 00
T$08 s1 f194 08 84 88 00 00 05 00 00 00 4B 00 00 00 00
T$08 s1 f195 08 84 88 00 00 05 00 00 00 4A 00 00 00 00
T$08 s1 f196 08 84 88 00 00 05 00 00 00 49 00 00 00 00
T$08 s1 f197 08 84 88 00 00 05 00 00 00 48 00 00 00 00
T$08 s1 f198 08 84 88 00 00 05 00 00 00 47 00 00 00 00
T$08 s1 f199 08 84 88 00 00 05 00 00 00 46 00 00 00 00
T$08 s1 f200 08 84 88 00 00 05 00 00 00 45 00 00 00 00
T$08 s1 f201 08 84 88 00 00 05 00 00 00 44 00 00 00 00
T$08 s1 f202 08 84 88 00 00 05 00 00 00 43 00 00 00 00
T$08 s1 f203 08 84 88 00 00 05 00 00 00 42 00 00 00 00
T$08 s1 f204 08 84 88 00 00 05 00 00 00 41 00 00 00 00
T$08 s1 f205 08 84 88 00 00 05 00 00 00 40 00 00 00 00
T$08 s1 f206 08 84 88 00 00 05 00 00 00 3F 00 00 00 00
T$08 s1 f207 08 84 88 00 00 05 00 00 00 3E 00 00 00 00
T$08 s1 f208 08 84 88 00 00 05 00 00 00 3D 00 00 00 00
T$08 s1 f209 08 84 88 00 00 05 00 00 00 3C 00 00 00 00
T$08 s1 f210 08 84 88 00 00 05 00 00 00 3B 00 00 00 00
T$08 s1 f211 08 84 88 00 00 05 00 00 00 3A 00 00 00 00
T$08 s1 f212 08 84 88 00 00 05 00 00 00 39 00 00 00 00
T$08 s1 f213 08 84 88 00 00 05 00 00 00 38 00 00 00 00
T$08 s1 f214 08 84 88 00 00 05 00 00 00 37 00 00 00 00
T$08 s1 f215 08 84 88 00 00 05 00 00 00 36 00 00 00 00
T$08 s1 f216 08 84 88 00 00 05 00 00 00 35 00 00 00 00
T$08 s1 f217 08 84 88 00 00 05 00 00 00 34 00 00 00 00
T$08 s1 f218 08 84 88 00 00 05 00 00 00 33 00 00 00 00
T$08 s1 f219 08 84 88 00 00 05 00 00 00 32 00 00 00 00
T$08 s1 f220 08 84 88 00 00 05 00 00 00 31 00 00 00 00
T$08 s1 f221 08 84 88 00 00 05 00 00 00 80 00 00 00 00
T$08 s1 f222 08 84 88 00 00 05 00 00 00 7F 00 00 00 00
T$08 s1 f223 08 84 88 00 00 05 00 00 00 7E 00 00 00 00
T$08 s1 f224 08 84 88 00 00 05 00 00 00 7D 00 00 00 00
T$08 s1 f225 08 84 88 00 00 05 00 00 00 7C 00 00 00 00
T$08 s1 f226 08 84 88 00 00 05 00 00 00 7B 00 00 00 00
T$08 s1 f227 08 84 88 00 00 05 00 00 00 7A 00 00 00 00
T$08 s1 f228 08 84 88 00 00 05 00 00 00 79 00 00 00 00
T$08 s1 f229 08 84 88 00 00 05 00 00 00 78 00 00 00 00
T$08 s1 f230 08 84 88 00 00 05 00 00 00 77 00 00 00 00
T$08 s1 f231 08 84 88 00 00 05 00 00 00 76 00 00 00 00
T$08 s1 f232 08 84 88 00 00 05 00 00 00 75 00 00 00 00
T$08 s1 f233 08 84 88 00 00 05 00 00 00 74 00 00 00 00
T$08 s1 f234 08 84 88 00 00 05 00 00 00 73 00 00 00 00
T$08 s1 f235 08 84 88 00 00 05 00 00 00 72 00 00 00 00
T$08 s1 f236 08 84 88 00 00 05 00 00 00 71 00 00 00 00
T$08 s1 f237 08 84 88 00 40 05 00 00 00 70 00 00 00 00
T$08 s1 f238 08 84 87 00 40 05 00 00 00 6F 00 00 00 00
T$08 s1 f239 08 84 86 00 40 05 00 00 00 6E 00 00 00 00
T$09 s1 f  0 09 80 78 00 20 05 00 00 00 1C 00 00 00 00
T$09 s1 f  1 09 80 78 00 20 05 00 00 00 1B 00 00 00 00
T$09 s1 f  2 09 80 78 00 20 05 00 00 00 1A 00 00 00 00
T$09 s1 f  3 09 80 78 00 20 05 00 00 00 19 00 00 00 00
T$09 s1 f  4 09 80 78 00 20 05 00 00 00 18 00 00 00 00
T$09 s1 f  5 09 80 78 00 20 05 00 00 00 17 00 00 00 00
T$09 s1 f  6 09 80 78 00 20 05 00 00 00 16 00 00 00 00
T$09 s1 f  7 09 80 78 00 20 05 00 00 00 15 00 00 00 00
T$09 s1 f  8 09 80 78 00 20 05 00 00 00 14 00 00 00 00
T$09 s1 f  9 09 80 78 00 20 05 00 00 00 13 00 00 00 00
T$09 s1 f 10 09 80 78 00 20 05 00 00 00 12 00 00 00 00
T$09 s1 f 11 09 80 78 00 20 05 00 00 00 11 00 00 00 00
T$09 s1 f 12 09 80 78 00 20 05 00 00 00 10 00 00 00 00
T$09 s1 f 13 09 80 78 00 20 05 00 00 00 0F 00 00 00 00
T$09 s1 f 14 09 80 78 00 20 05 00 00 00 0E 00 00 00 00
T$09 s1 f 15 09 80 78 00 20 05 00 00 00 0D 00 00 00 00
T$09 s1 f 16 09 80 78 00 20 05 00 00 00 0C 00 00 00 00
T$09 s1 f 17 09 80 78 00 20 05 00 00 00 0B 00 00 00 00
T$09 s1 f 18 09 80 78 00 20 05 00 00 00 0A 00 00 00 00
T$09 s1 f 19 09 80 78 00 20 05 00 00 00 09 00 00 00 00
T$09 s1 f 20 09 80 78 00 20 05 00 00 00 08 00 00 00 00
T$09 s1 f 21 09 80 78 00 20 05 00 00 00 07 00 00 00 00
T$09 s1 f 22 09 80 78 00 20 05 00 00 00 06 00 00 00 00
T$09 s1 f 23 09 80 78 00 20 05 00 00 00 05 00 00 00 00
T$09 s1 f 24 09 80 78 00 20 05 00 00 00 04 00 00 00 00
T$09 s1 f 25 09 80 78 00 20 05 00 00 00 03 00 00 00 00
T$09 s1 f 26 09 80 78 00 20 05 00 00 00 02 00 00 00 00
T$09 s1 f 27 09 80 78 00 20 05 00 00 00 01 00 00 00 00
T$09 s1 f 28 09 80 78 00 20 05 00 00 00 06 00 00 00 00
T$09 s1 f 29 09 80 78 00 20 05 00 00 00 05 00 00 00 00
T$09 s1 f 30 09 80 78 00 20 05 00 00 00 04 00 00 00 00
T$09 s1 f 31 09 80 78 00 20 05 00 00 00 03 00 00 00 00
T$09 s1 f 32 09 80 78 00 20 05 00 00 00 02 00 00 00 00
T$09 s1 f 33 09 80 78 00 20 05 00 00 00 01 00 00 00 00
T$09 s1 f 34 09 80 78 00 20 05 00 00 00 06 00 00 00 00
T$09 s1 f 35 09 80 78 00 20 05 00 00 00 05 00 00 00 00
T$09 s1 f 36 09 80 78 00 20 05 00 00 00 04 00 00 00 00
T$09 s1 f 37 09 80 78 00 20 05 00 00 00 03 00 00 00 00
T$09 s1 f 38 09 80 78 00 20 05 00 00 00 02 00 00 00 00
T$09 s1 f 39 09 80 78 00 20 05 00 00 00 01 00 00 00 00
T$09 s1 f 40 09 80 78 00 20 05 00 00 00 06 00 00 00 00
T$09 s1 f 41 09 80 78 00 20 05 00 00 00 05 00 00 00 00
T$09 s1 f 42 09 80 78 00 20 05 00 00 00 04 00 00 00 00
T$09 s1 f 43 09 81 78 00 20 05 00 00 00 03 00 00 00 00
T$09 s1 f 44 09 81 78 00 20 05 00 00 00 02 00 00 00 00
T$09 s1 f 45 09 82 78 00 20 05 00 00 00 01 00 00 00 00
T$09 s1 f 46 09 82 78 00 20 05 00 00 00 00 00 00 00 00
T$09 s1 f 47 09 83 78 00 00 05 00 00 00 00 00 00 00 00
T$09 s1 f 48 09 83 78 00 00 05 00 00 00 00 00 00 00 00
T$09 s1 f 49 09 83 78 00 00 05 00 00 00 00 00 00 00 00
T$09 s1 f 50 09 83 78 00 00 05 00 00 00 00 00 00 00 00
T$09 s1 f 51 09 83 78 00 00 05 00 00 00 00 00 00 00 00
T$09 s1 f 52 09 83 78 00 00 05 00 00 00 00 00 00 00 00
T$09 s1 f 53 09 83 78 00 00 05 00 00 00 00 00 00 00 00
T$09 s1 f 54 09 83 78 00 00 05 00 00 00 00 00 00 00 00
T$09 s1 f 55 09 83 78 00 00 05 00 00 00 00 00 00 00 00
T$09 s1 f 56 09 83 78 00 00 05 00 00 00 00 00 00 00 00
T$09 s1 f 57 09 83 78 00 00 05 00 00 00 00 00 00 00 00
T$09 s1 f 58 09 83 78 00 00 05 00 00 00 00 00 00 00 00
T$09 s1 f 59 09 83 78 00 00 05 00 00 00 00 00 00 00 00
T$09 s1 f 60 09 83 78 00 00 05 00 00 00 00 00 00 00 00
T$09 s1 f 61 09 83 78 00 00 05 00 00 00 00 00 00 00 00
T$09 s1 f 62 09 83 78 00 00 05 00 00 00 00 00 00 00 00
T$09 s1 f 63 09 83 78 00 00 05 00 00 00 00 00 00 00 00
T$09 s1 f 64 09 83 78 00 00 05 00 00 00 00 00 00 00 00
T$09 s1 f 65 09 83 78 00 00 05 00 00 00 00 00 00 00 00
T$09 s1 f 66 09 83 78 00 00 05 00 00 00 00 00 00 00 00
T$09 s1 f 67 09 83 78 00 00 05 00 00 00 00 00 00 00 00
T$09 s1 f 68 09 83 78 00 00 05 00 00 00 00 00 00 00 00
T$09 s1 f 69 09 83 78 00 00 05 00 00 00 00 00 00 00 00
T$09 s1 f 70 09 83 78 00 00 05 00 00 00 00 00 00 00 00
T$09 s1 f 71 09 83 78 00 00 05 00 00 00 00 00 00 00 00
T$09 s1 f 72 09 83 78 00 00 05 00 00 00 00 00 00 00 00
T$09 s1 f 73 09 83 78 00 00 05 00 00 00 00 00 00 00 00
T$09 s1 f 74 09 83 78 00 00 05 00 00 00 00 00 00 00 00
T$09 s1 f 75 09 83 78 00 00 05 00 00 00 00 00 00 00 00
T$09 s1 f 76 09 83 78 00 00 05 00 00 00 00 00 00 00 00
T$09 s1 f 77 09 83 78 00 00 05 00 00 00 00 00 00 00 00
T$09 s1 f 78 09 83 78 00 00 05 00 00 00 00 00 00 00 00
T$09 s1 f 79 09 83 78 00 00 05 00 00 00 80 00 00 00 00
T$09 s1 f 80 09 83 78 00 00 05 00 00 00 7F 00 00 00 00
T$09 s1 f 81 09 83 78 00 00 05 00 00 00 7E 00 00 00 00
T$09 s1 f 82 09 83 78 00 00 05 00 00 00 7D 00 00 00 00
T$09 s1 f 83 09 83 78 00 00 05 00 00 00 7C 00 00 00 00
T$09 s1 f 84 09 83 78 00 00 05 00 00 00 7B 00 00 00 00
T$09 s1 f 85 09 83 78 00 00 05 00 00 00 7A 00 00 00 00
T$09 s1 f 86 09 83 78 00 00 05 00 00 00 79 00 00 00 00
T$09 s1 f 87 09 83 78 00 00 05 00 00 00 78 00 00 00 00
T$09 s1 f 88 09 83 78 00 00 05 00 00 00 77 00 00 00 00
T$09 s1 f 89 09 83 78 00 00 05 00 00 00 76 00 00 00 00
T$09 s1 f 90 09 83 78 00 00 05 00 00 00 75 00 00 00 00
T$09 s1 f 91 09 83 78 00 00 05 00 00 00 74 00 00 00 00
T$09 s1 f 92 09 83 78 00 00 05 00 00 00 73 00 00 00 00
T$09 s1 f 93 09 83 78 00 00 05 00 00 00 72 00 00 00 00
T$09 s1 f 94 09 83 78 00 00 05 00 00 00 71 00 00 00 00
T$09 s1 f 95 09 83 78 00 20 05 00 00 00 70 00 00 00 00
T$09 s1 f 96 09 83 78 00 00 05 00 00 00 6F 00 00 00 00
T$09 s1 f 97 09 83 78 00 00 05 00 00 00 6E 00 00 00 00
T$09 s1 f 98 09 83 78 00 00 05 00 00 00 6D 00 00 00 00
T$09 s1 f 99 09 83 78 00 00 05 00 00 00 6C 00 00 00 00
T$09 s1 f100 09 83 78 00 00 05 00 00 00 6B 00 00 00 00
T$09 s1 f101 09 83 78 00 00 05 00 00 00 6A 00 00 00 00
T$09 s1 f102 09 83 78 00 00 05 00 00 00 69 00 00 00 00
T$09 s1 f103 09 83 78 00 00 05 00 00 00 68 00 00 00 00
T$09 s1 f104 09 83 78 00 00 05 00 00 00 67 00 00 00 00
T$09 s1 f105 09 83 78 00 00 05 00 00 00 66 00 00 00 00
T$09 s1 f106 09 83 78 00 00 05 00 00 00 65 00 00 00 00
T$09 s1 f107 09 83 78 00 00 05 00 00 00 64 00 00 00 00
T$09 s1 f108 09 83 78 00 00 05 00 00 00 63 00 00 00 00
T$09 s1 f109 09 83 78 00 00 05 00 00 00 62 00 00 00 00
T$09 s1 f110 09 83 78 00 00 05 00 00 00 61 00 00 00 00
T$09 s1 f111 09 83 78 00 00 05 00 00 00 60 00 00 00 00
T$09 s1 f112 09 83 78 00 00 05 00 00 00 5F 00 00 00 00
T$09 s1 f113 09 83 78 00 00 05 00 00 00 5E 00 00 00 00
T$09 s1 f114 09 83 78 00 00 05 00 00 00 5D 00 00 00 00
T$09 s1 f115 09 83 78 00 00 05 00 00 00 5C 00 00 00 00
T$09 s1 f116 09 83 78 00 00 05 00 00 00 5B 00 00 00 00
T$09 s1 f117 09 83 78 00 00 05 00 00 00 5A 00 00 00 00
T$09 s1 f118 09 83 78 00 00 05 00 00 00 59 00 00 00 00
T$09 s1 f119 09 83 78 00 00 05 00 00 00 58 00 00 00 00
T$09 s1 f120 09 83 78 00 00 05 00 00 00 57 00 00 00 00
T$09 s1 f121 09 83 78 00 00 05 00 00 00 56 00 00 00 00
T$09 s1 f122 09 83 78 00 00 05 00 00 00 55 00 00 00 00
T$09 s1 f123 09 83 78 00 00 05 00 00 00 54 00 00 00 00
T$09 s1 f124 09 83 78 00 00 05 00 00 00 53 00 00 00 00
T$09 s1 f125 09 83 78 00 00 05 00 00 00 52 00 00 00 00
T$09 s1 f126 09 83 78 00 00 05 00 00 00 51 00 00 00 00
T$09 s1 f127 09 83 78 00 00 05 00 00 00 50 00 00 00 00
T$09 s1 f128 09 83 78 00 00 05 00 00 00 80 00 00 00 00
T$09 s1 f129 09 83 78 00 00 05 00 00 00 7F 00 00 00 00
T$09 s1 f130 09 83 78 00 00 05 00 00 00 7E 00 00 00 00
T$09 s1 f131 09 83 78 00 00 05 00 00 00 7D 00 00 00 00
T$09 s1 f132 09 83 78 00 00 05 00 00 00 7C 00 00 00 00
T$09 s1 f133 09 83 78 00 00 05 00 00 00 7B 00 00 00 00
T$09 s1 f134 09 83 78 00 00 05 00 00 00 7A 00 00 00 00
T$09 s1 f135 09 83 78 00 00 05 00 00 00 79 00 00 00 00
T$09 s1 f136 09 83 78 00 00 05 00 00 00 78 00 00 00 00
T$09 s1 f137 09 83 78 00 00 05 00 00 00 77 00 00 00 00
T$09 s1 f138 09 83 78 00 00 05 00 00 00 76 00 00 00 00
T$09 s1 f139 09 83 78 00 00 05 00 00 00 75 00 00 00 00
T$09 s1 f140 09 83 78 00 00 05 00 00 00 74 00 00 00 00
T$09 s1 f141 09 83 78 00 00 05 00 00 00 73 00 00 00 00
T$09 s1 f142 09 83 78 00 00 05 00 00 00 72 00 00 00 00
T$09 s1 f143 09 83 78 00 00 05 00 00 00 71 00 00 00 00
T$09 s1 f144 09 83 78 00 20 05 00 00 00 70 00 00 00 00
T$09 s1 f145 09 83 78 00 20 05 00 00 00 6F 00 00 00 00
T$09 s1 f146 09 82 78 00 20 05 00 00 00 6E 00 00 00 00
T$09 s1 f147 09 82 78 00 20 05 00 00 00 6D 00 00 00 00
T$09 s1 f148 09 81 78 00 20 05 00 00 00 6C 00 00 00 00
T$09 s1 f149 09 81 78 00 20 05 00 00 00 6B 00 00 00 00
T$09 s1 f150 09 80 78 00 20 05 00 00 00 6A 00 00 00 00
T$09 s1 f151 09 80 78 00 20 05 00 00 00 69 00 00 00 00
T$09 s1 f152 09 7F 78 00 20 05 00 00 00 68 00 00 00 00
T$09 s1 f153 09 7F 78 00 20 05 00 00 00 67 00 00 00 00
T$09 s1 f154 09 7E 78 00 20 05 00 00 00 66 00 00 00 00
T$09 s1 f155 09 7E 78 00 20 05 00 00 00 65 00 00 00 00
T$09 s1 f156 09 7D 78 00 20 05 00 00 00 64 00 00 00 00
T$09 s1 f157 09 7D 78 00 20 05 00 00 00 63 00 00 00 00
T$09 s1 f158 09 7C 78 00 20 05 00 00 00 62 00 00 00 00
T$09 s1 f159 09 7C 78 00 20 05 00 00 00 61 00 00 00 00
T$09 s1 f160 09 7B 78 00 20 05 00 00 00 60 00 00 00 00
T$09 s1 f161 09 7B 78 00 20 05 00 00 00 5F 00 00 00 00
T$09 s1 f162 09 7A 78 00 20 05 00 00 00 5E 00 00 00 00
T$09 s1 f163 09 7A 78 00 20 05 00 00 00 5D 00 00 00 00
T$09 s1 f164 09 79 78 00 20 05 00 00 00 5C 00 00 00 00
T$09 s1 f165 09 79 78 00 20 05 00 00 00 5B 00 00 00 00
T$09 s1 f166 09 78 78 00 20 05 00 00 00 5A 00 00 00 00
T$09 s1 f167 09 78 78 00 20 05 00 00 00 59 00 00 00 00
T$09 s1 f168 09 77 78 00 20 05 00 00 00 58 00 00 00 00
T$09 s1 f169 09 77 78 00 20 05 00 00 00 57 00 00 00 00
T$09 s1 f170 09 76 78 00 20 05 00 00 00 56 00 00 00 00
T$09 s1 f171 09 76 78 00 20 05 00 00 00 55 00 00 00 00
T$09 s1 f172 09 75 78 00 20 05 00 00 00 54 00 00 00 00
T$09 s1 f173 09 75 78 00 20 05 00 00 00 53 00 00 00 00
T$09 s1 f174 09 74 78 00 20 05 00 00 00 52 00 00 00 00
T$09 s1 f175 09 74 78 00 20 05 00 00 00 51 00 00 00 00
T$09 s1 f176 09 73 78 00 00 05 00 00 00 50 00 00 00 00
T$09 s1 f177 09 73 78 00 00 05 00 00 00 4F 00 00 00 00
T$09 s1 f178 09 73 78 00 00 05 00 00 00 4E 00 00 00 00
T$09 s1 f179 09 73 78 00 00 05 00 00 00 4D 00 00 00 00
T$09 s1 f180 09 73 78 00 00 05 00 00 00 4C 00 00 00 00
T$09 s1 f181 09 73 78 00 00 05 00 00 00 4B 00 00 00 00
T$09 s1 f182 09 73 78 00 00 05 00 00 00 4A 00 00 00 00
T$09 s1 f183 09 73 78 00 00 05 00 00 00 49 00 00 00 00
T$09 s1 f184 09 73 78 00 00 05 00 00 00 48 00 00 00 00
T$09 s1 f185 09 73 78 00 00 05 00 00 00 47 00 00 00 00
T$09 s1 f186 09 73 78 00 00 05 00 00 00 46 00 00 00 00
T$09 s1 f187 09 73 78 00 00 05 00 00 00 45 00 00 00 00
T$09 s1 f188 09 73 78 00 00 05 00 00 00 44 00 00 00 00
T$09 s1 f189 09 73 78 00 00 05 00 00 00 43 00 00 00 00
T$09 s1 f190 09 73 78 00 00 05 00 00 00 42 00 00 00 00
T$09 s1 f191 09 73 78 00 00 05 00 00 00 41 00 00 00 00
T$09 s1 f192 09 73 78 00 00 05 00 00 00 40 00 00 00 00
T$09 s1 f193 09 73 78 00 00 05 00 00 00 3F 00 00 00 00
T$09 s1 f194 09 73 78 00 00 05 00 00 00 3E 00 00 00 00
T$09 s1 f195 09 73 78 00 00 05 00 00 00 3D 00 00 00 00
T$09 s1 f196 09 73 78 00 00 05 00 00 00 3C 00 00 00 00
T$09 s1 f197 09 73 78 00 00 05 00 00 00 3B 00 00 00 00
T$09 s1 f198 09 73 78 00 00 05 00 00 00 3A 00 00 00 00
T$09 s1 f199 09 73 78 00 00 05 00 00 00 39 00 00 00 00
T$09 s1 f200 09 73 78 00 00 05 00 00 00 38 00 00 00 00
T$09 s1 f201 09 73 78 00 00 05 00 00 00 37 00 00 00 00
T$09 s1 f202 09 73 78 00 00 05 00 00 00 36 00 00 00 00
T$09 s1 f203 09 73 78 00 00 05 00 00 00 35 00 00 00 00
T$09 s1 f204 09 73 78 00 00 05 00 00 00 34 00 00 00 00
T$09 s1 f205 09 73 78 00 00 05 00 00 00 33 00 00 00 00
T$09 s1 f206 09 73 78 00 00 05 00 00 00 32 00 00 00 00
T$09 s1 f207 09 73 78 00 00 05 00 00 00 31 00 00 00 00
T$09 s1 f208 09 73 78 00 00 05 00 00 00 80 00 00 00 00
T$09 s1 f209 09 73 78 00 00 05 00 00 00 7F 00 00 00 00
T$09 s1 f210 09 73 78 00 00 05 00 00 00 7E 00 00 00 00
T$09 s1 f211 09 73 78 00 00 05 00 00 00 7D 00 00 00 00
T$09 s1 f212 09 73 78 00 00 05 00 00 00 7C 00 00 00 00
T$09 s1 f213 09 73 78 00 00 05 00 00 00 7B 00 00 00 00
T$09 s1 f214 09 73 78 00 00 05 00 00 00 7A 00 00 00 00
T$09 s1 f215 09 73 78 00 00 05 00 00 00 79 00 00 00 00
T$09 s1 f216 09 73 78 00 00 05 00 00 00 78 00 00 00 00
T$09 s1 f217 09 73 78 00 00 05 00 00 00 77 00 00 00 00
T$09 s1 f218 09 73 78 00 00 05 00 00 00 76 00 00 00 00
T$09 s1 f219 09 73 78 00 00 05 00 00 00 75 00 00 00 00
T$09 s1 f220 09 73 78 00 00 05 00 00 00 74 00 00 00 00
T$09 s1 f221 09 73 78 00 00 05 00 00 00 73 00 00 00 00
T$09 s1 f222 09 73 78 00 00 05 00 00 00 72 00 00 00 00
T$09 s1 f223 09 73 78 00 00 05 00 00 00 71 00 00 00 00
T$09 s1 f224 09 73 78 00 20 05 00 00 00 70 00 00 00 00
T$09 s1 f225 09 73 79 00 20 05 00 00 00 6F 00 00 00 00
T$09 s1 f226 09 73 79 00 20 05 00 00 00 6E 00 00 00 00
T$09 s1 f227 09 73 7A 00 20 05 00 00 00 6D 00 00 00 00
T$09 s1 f228 09 73 7A 00 20 05 00 00 00 6C 00 00 00 00
T$09 s1 f229 09 73 7B 00 20 05 00 00 00 6B 00 00 00 00
T$09 s1 f230 09 73 7B 00 20 05 00 00 00 6A 00 00 00 00
T$09 s1 f231 09 73 7C 00 20 05 00 00 00 69 00 00 00 00
T$09 s1 f232 09 73 7C 00 20 05 00 00 00 68 00 00 00 00
T$09 s1 f233 09 73 7D 00 20 05 00 00 00 67 00 00 00 00
T$09 s1 f234 09 73 7D 00 20 05 00 00 00 66 00 00 00 00
T$09 s1 f235 09 73 7E 00 20 05 00 00 00 65 00 00 00 00
T$09 s1 f236 09 73 7E 00 20 05 00 00 00 64 00 00 00 00
T$09 s1 f237 09 73 7F 00 20 05 00 00 00 63 00 00 00 00
T$09 s1 f238 09 73 7F 00 20 05 00 00 00 62 00 00 00 00
T$09 s1 f239 09 73 80 00 20 05 00 00 00 61 00 00 00 00
T$0A s1 f  0 0A 80 78 00 30 05 00 00 00 1C 00 00 00 00
T$0A s1 f  1 0A 80 78 00 30 05 00 00 00 1B 00 00 00 00
T$0A s1 f  2 0A 80 78 00 30 05 00 00 00 1A 00 00 00 00
T$0A s1 f  3 0A 80 78 00 30 05 00 00 00 19 00 00 00 00
T$0A s1 f  4 0A 80 78 00 30 05 00 00 00 18 00 00 00 00
T$0A s1 f  5 0A 80 78 00 30 05 00 00 00 17 00 00 00 00
T$0A s1 f  6 0A 80 78 00 30 05 00 00 00 16 00 00 00 00
T$0A s1 f  7 0A 80 78 00 30 05 00 00 00 15 00 00 00 00
T$0A s1 f  8 0A 80 78 00 30 05 00 00 00 14 00 00 00 00
T$0A s1 f  9 0A 80 78 00 30 05 00 00 00 13 00 00 00 00
T$0A s1 f 10 0A 80 78 00 30 05 00 00 00 12 00 00 00 00
T$0A s1 f 11 0A 80 78 00 30 05 00 00 00 11 00 00 00 00
T$0A s1 f 12 0A 80 78 00 30 05 00 00 00 10 00 00 00 00
T$0A s1 f 13 0A 80 78 00 30 05 00 00 00 0F 00 00 00 00
T$0A s1 f 14 0A 80 78 00 30 05 00 00 00 0E 00 00 00 00
T$0A s1 f 15 0A 80 78 00 30 05 00 00 00 0D 00 00 00 00
T$0A s1 f 16 0A 80 78 00 30 05 00 00 00 0C 00 00 00 00
T$0A s1 f 17 0A 80 78 00 30 05 00 00 00 0B 00 00 00 00
T$0A s1 f 18 0A 80 78 00 30 05 00 00 00 0A 00 00 00 00
T$0A s1 f 19 0A 80 78 00 30 05 00 00 00 09 00 00 00 00
T$0A s1 f 20 0A 80 78 00 30 05 00 00 00 08 00 00 00 00
T$0A s1 f 21 0A 80 78 00 30 05 00 00 00 07 00 00 00 00
T$0A s1 f 22 0A 80 78 00 30 05 00 00 00 06 00 00 00 00
T$0A s1 f 23 0A 80 78 00 30 05 00 00 00 05 00 00 00 00
T$0A s1 f 24 0A 80 78 00 30 05 00 00 00 04 00 00 00 00
T$0A s1 f 25 0A 80 78 00 30 05 00 00 00 03 00 00 00 00
T$0A s1 f 26 0A 80 78 00 30 05 00 00 00 02 00 00 00 00
T$0A s1 f 27 0A 80 78 00 30 05 00 00 00 01 00 00 00 00
T$0A s1 f 28 0A 80 78 00 30 05 00 00 00 06 00 00 00 00
T$0A s1 f 29 0A 80 78 00 30 05 00 00 00 05 00 00 00 00
T$0A s1 f 30 0A 80 78 00 30 05 00 00 00 04 00 00 00 00
T$0A s1 f 31 0A 80 78 00 30 05 00 00 00 03 00 00 00 00
T$0A s1 f 32 0A 80 78 00 30 05 00 00 00 02 00 00 00 00
T$0A s1 f 33 0A 80 78 00 30 05 00 00 00 01 00 00 00 00
T$0A s1 f 34 0A 80 78 00 30 05 00 00 00 06 00 00 00 00
T$0A s1 f 35 0A 80 78 00 30 05 00 00 00 05 00 00 00 00
T$0A s1 f 36 0A 80 78 00 30 05 00 00 00 04 00 00 00 00
T$0A s1 f 37 0A 80 78 00 30 05 00 00 00 03 00 00 00 00
T$0A s1 f 38 0A 80 78 00 30 05 00 00 00 02 00 00 00 00
T$0A s1 f 39 0A 80 78 00 30 05 00 00 00 01 00 00 00 00
T$0A s1 f 40 0A 80 78 00 30 05 00 00 00 06 00 00 00 00
T$0A s1 f 41 0A 80 78 00 40 05 00 00 00 05 00 00 00 00
T$0A s1 f 42 0A 81 78 00 40 05 00 00 00 04 00 00 00 00
T$0A s1 f 43 0A 82 78 00 40 05 00 00 00 03 00 00 00 00
T$0A s1 f 44 0A 83 78 00 40 05 00 00 00 02 00 00 00 00
T$0A s1 f 45 0A 84 78 00 40 05 00 00 00 01 00 00 00 00
T$0A s1 f 46 0A 85 78 00 40 05 00 00 00 00 00 00 00 00
T$0A s1 f 47 0A 86 78 00 40 05 00 00 00 00 00 00 00 00
T$0A s1 f 48 0A 87 78 00 40 05 00 00 00 00 00 00 00 00
T$0A s1 f 49 0A 88 78 00 00 05 00 00 00 00 00 00 00 00
T$0A s1 f 50 0A 88 78 00 00 05 00 00 00 00 00 00 00 00
T$0A s1 f 51 0A 88 78 00 00 05 00 00 00 00 00 00 00 00
T$0A s1 f 52 0A 88 78 00 00 05 00 00 00 00 00 00 00 00
T$0A s1 f 53 0A 88 78 00 00 05 00 00 00 00 00 00 00 00
T$0A s1 f 54 0A 88 78 00 00 05 00 00 00 00 00 00 00 00
T$0A s1 f 55 0A 88 78 00 00 05 00 00 00 00 00 00 00 00
T$0A s1 f 56 0A 88 78 00 00 05 00 00 00 00 00 00 00 00
T$0A s1 f 57 0A 88 78 00 00 05 00 00 00 00 00 00 00 00
T$0A s1 f 58 0A 88 78 00 00 05 00 00 00 00 00 00 00 00
T$0A s1 f 59 0A 88 78 00 00 05 00 00 00 00 00 00 00 00
T$0A s1 f 60 0A 88 78 00 00 05 00 00 00 00 00 00 00 00
T$0A s1 f 61 0A 88 78 00 00 05 00 00 00 00 00 00 00 00
T$0A s1 f 62 0A 88 78 00 00 05 00 00 00 00 00 00 00 00
T$0A s1 f 63 0A 88 78 00 00 05 00 00 00 00 00 00 00 00
T$0A s1 f 64 0A 88 78 00 00 05 00 00 00 00 00 00 00 00
T$0A s1 f 65 0A 88 78 00 00 05 00 00 00 00 00 00 00 00
T$0A s1 f 66 0A 88 78 00 00 05 00 00 00 00 00 00 00 00
T$0A s1 f 67 0A 88 78 00 00 05 00 00 00 00 00 00 00 00
T$0A s1 f 68 0A 88 78 00 00 05 00 00 00 00 00 00 00 00
T$0A s1 f 69 0A 88 78 00 00 05 00 00 00 00 00 00 00 00
T$0A s1 f 70 0A 88 78 00 00 05 00 00 00 00 00 00 00 00
T$0A s1 f 71 0A 88 78 00 00 05 00 00 00 00 00 00 00 00
T$0A s1 f 72 0A 88 78 00 00 05 00 00 00 00 00 00 00 00
T$0A s1 f 73 0A 88 78 00 00 05 00 00 00 00 00 00 00 00
T$0A s1 f 74 0A 88 78 00 00 05 00 00 00 00 00 00 00 00
T$0A s1 f 75 0A 88 78 00 00 05 00 00 00 00 00 00 00 00
T$0A s1 f 76 0A 88 78 00 00 05 00 00 00 00 00 00 00 00
T$0A s1 f 77 0A 88 78 00 00 05 00 00 00 00 00 00 00 00
T$0A s1 f 78 0A 88 78 00 00 05 00 00 00 00 00 00 00 00
T$0A s1 f 79 0A 88 78 00 00 05 00 00 00 00 00 00 00 00
T$0A s1 f 80 0A 88 78 00 00 05 00 00 00 00 00 00 00 00
T$0A s1 f 81 0A 88 78 00 00 05 00 00 00 80 00 00 00 00
T$0A s1 f 82 0A 88 78 00 00 05 00 00 00 7F 00 00 00 00
T$0A s1 f 83 0A 88 78 00 00 05 00 00 00 7E 00 00 00 00
T$0A s1 f 84 0A 88 78 00 00 05 00 00 00 7D 00 00 00 00
T$0A s1 f 85 0A 88 78 00 00 05 00 00 00 7C 00 00 00 00
T$0A s1 f 86 0A 88 78 00 00 05 00 00 00 7B 00 00 00 00
T$0A s1 f 87 0A 88 78 00 00 05 00 00 00 7A 00 00 00 00
T$0A s1 f 88 0A 88 78 00 00 05 00 00 00 79 00 00 00 00
T$0A s1 f 89 0A 88 78 00 00 05 00 00 00 78 00 00 00 00
T$0A s1 f 90 0A 88 78 00 00 05 00 00 00 77 00 00 00 00
T$0A s1 f 91 0A 88 78 00 00 05 00 00 00 76 00 00 00 00
T$0A s1 f 92 0A 88 78 00 00 05 00 00 00 75 00 00 00 00
T$0A s1 f 93 0A 88 78 00 00 05 00 00 00 74 00 00 00 00
T$0A s1 f 94 0A 88 78 00 00 05 00 00 00 73 00 00 00 00
T$0A s1 f 95 0A 88 78 00 00 05 00 00 00 72 00 00 00 00
T$0A s1 f 96 0A 88 78 00 00 05 00 00 00 71 00 00 00 00
T$0A s1 f 97 0A 88 78 00 40 05 00 00 00 70 00 00 00 00
T$0A s1 f 98 0A 87 78 00 40 05 00 00 00 6F 00 00 00 00
T$0A s1 f 99 0A 86 78 00 40 05 00 00 00 6E 00 00 00 00
T$0A s1 f100 0A 85 78 00 40 05 00 00 00 6D 00 00 00 00
T$0A s1 f101 0A 84 78 00 40 05 00 00 00 6C 00 00 00 00
T$0A s1 f102 0A 83 78 00 40 05 00 00 00 6B 00 00 00 00
T$0A s1 f103 0A 82 78 00 40 05 00 00 00 6A 00 00 00 00
T$0A s1 f104 0A 81 78 00 40 05 00 00 00 69 00 00 00 00
T$0A s1 f105 0A 80 78 00 40 05 00 00 00 68 00 00 00 00
T$0A s1 f106 0A 7F 78 00 40 05 00 00 00 67 00 00 00 00
T$0A s1 f107 0A 7E 78 00 40 05 00 00 00 66 00 00 00 00
T$0A s1 f108 0A 7D 78 00 40 05 00 00 00 65 00 00 00 00
T$0A s1 f109 0A 7C 78 00 40 05 00 00 00 64 00 00 00 00
T$0A s1 f110 0A 7B 78 00 40 05 00 00 00 63 00 00 00 00
T$0A s1 f111 0A 7A 78 00 40 05 00 00 00 62 00 00 00 00
T$0A s1 f112 0A 79 78 00 40 05 00 00 00 61 00 00 00 00
T$0A s1 f113 0A 78 78 00 40 05 00 00 00 60 00 00 00 00
T$0A s1 f114 0A 77 78 00 40 05 00 00 00 5F 00 00 00 00
T$0A s1 f115 0A 76 78 00 40 05 00 00 00 5E 00 00 00 00
T$0A s1 f116 0A 75 78 00 40 05 00 00 00 5D 00 00 00 00
T$0A s1 f117 0A 74 78 00 40 05 00 00 00 5C 00 00 00 00
T$0A s1 f118 0A 73 78 00 40 05 00 00 00 5B 00 00 00 00
T$0A s1 f119 0A 72 78 00 40 05 00 00 00 5A 00 00 00 00
T$0A s1 f120 0A 71 78 00 40 05 00 00 00 59 00 00 00 00
T$0A s1 f121 0A 70 78 00 40 05 00 00 00 58 00 00 00 00
T$0A s1 f122 0A 6F 78 00 40 05 00 00 00 57 00 00 00 00
T$0A s1 f123 0A 6E 78 00 40 05 00 00 00 56 00 00 00 00
T$0A s1 f124 0A 6D 78 00 40 05 00 00 00 55 00 00 00 00
T$0A s1 f125 0A 6C 78 00 40 05 00 00 00 54 00 00 00 00
T$0A s1 f126 0A 6B 78 00 40 05 00 00 00 53 00 00 00 00
T$0A s1 f127 0A 6A 78 00 40 05 00 00 00 52 00 00 00 00
T$0A s1 f128 0A 69 78 00 40 05 00 00 00 51 00 00 00 00
T$0A s1 f129 0A 68 78 00 40 05 00 00 00 50 00 00 00 00
T$0A s1 f130 0A 67 78 00 40 05 00 00 00 4F 00 00 00 00
T$0A s1 f131 0A 66 78 00 40 05 00 00 00 4E 00 00 00 00
T$0A s1 f132 0A 65 78 00 40 05 00 00 00 4D 00 00 00 00
T$0A s1 f133 0A 64 78 00 40 05 00 00 00 4C 00 00 00 00
T$0A s1 f134 0A 63 78 00 40 05 00 00 00 4B 00 00 00 00
T$0A s1 f135 0A 62 78 00 40 05 00 00 00 4A 00 00 00 00
T$0A s1 f136 0A 61 78 00 40 05 00 00 00 49 00 00 00 00
T$0A s1 f137 0A 60 78 00 40 05 00 00 00 48 00 00 00 00
T$0A s1 f138 0A 5F 78 00 40 05 00 00 00 47 00 00 00 00
T$0A s1 f139 0A 5E 78 00 40 05 00 00 00 46 00 00 00 00
T$0A s1 f140 0A 5D 78 00 40 05 00 00 00 45 00 00 00 00
T$0A s1 f141 0A 5C 78 00 40 05 00 00 00 44 00 00 00 00
T$0A s1 f142 0A 5B 78 00 40 05 00 00 00 43 00 00 00 00
T$0A s1 f143 0A 5A 78 00 40 05 00 00 00 42 00 00 00 00
T$0A s1 f144 0A 59 78 00 40 05 00 00 00 41 00 00 00 00
T$0A s1 f145 0A 58 78 00 40 05 00 00 00 40 00 00 00 00
T$0A s1 f146 0A 57 78 00 40 05 00 00 00 3F 00 00 00 00
T$0A s1 f147 0A 56 78 00 40 05 00 00 00 3E 00 00 00 00
T$0A s1 f148 0A 55 78 00 40 05 00 00 00 3D 00 00 00 00
T$0A s1 f149 0A 54 78 00 40 05 00 00 00 3C 00 00 00 00
T$0A s1 f150 0A 53 78 00 40 05 00 00 00 3B 00 00 00 00
T$0A s1 f151 0A 52 78 00 40 05 00 00 00 3A 00 00 00 00
T$0A s1 f152 0A 51 78 00 40 05 00 00 00 39 00 00 00 00
T$0A s1 f153 0A 50 78 00 40 05 00 00 00 38 00 00 00 00
T$0A s1 f154 0A 4F 78 00 40 05 00 00 00 37 00 00 00 00
T$0A s1 f155 0A 4E 78 00 40 05 00 00 00 36 00 00 00 00
T$0A s1 f156 0A 4D 78 00 40 05 00 00 00 35 00 00 00 00
T$0A s1 f157 0A 4C 78 00 40 05 00 00 00 34 00 00 00 00
T$0A s1 f158 0A 4B 78 00 40 05 00 00 00 33 00 00 00 00
T$0A s1 f159 0A 4A 78 00 40 05 00 00 00 32 00 00 00 00
T$0A s1 f160 0A 49 78 00 40 05 00 00 00 31 00 00 00 00
T$0A s1 f161 0A 48 78 00 40 05 00 00 00 30 00 00 00 00
T$0A s1 f162 0A 47 78 00 40 05 00 00 00 2F 00 00 00 00
T$0A s1 f163 0A 46 78 00 40 05 00 00 00 2E 00 00 00 00
T$0A s1 f164 0A 45 78 00 40 05 00 00 00 2D 00 00 00 00
T$0A s1 f165 0A 44 78 00 40 05 00 00 00 2C 00 00 00 00
T$0A s1 f166 0A 43 78 00 40 05 00 00 00 2B 00 00 00 00
T$0A s1 f167 0A 42 78 00 40 05 00 00 00 2A 00 00 00 00
T$0A s1 f168 0A 41 78 00 40 05 00 00 00 29 00 00 00 00
T$0A s1 f169 0A 40 78 00 40 05 00 00 00 28 00 00 00 00
T$0A s1 f170 0A 3F 78 00 40 05 00 00 00 27 00 00 00 00
T$0A s1 f171 0A 3E 78 00 40 05 00 00 00 26 00 00 00 00
T$0A s1 f172 0A 3D 78 00 40 05 00 00 00 25 00 00 00 00
T$0A s1 f173 0A 3C 78 00 40 05 00 00 00 24 00 00 00 00
T$0A s1 f174 0A 3B 78 00 40 05 00 00 00 23 00 00 00 00
T$0A s1 f175 0A 3A 78 00 40 05 00 00 00 22 00 00 00 00
T$0A s1 f176 0A 39 78 00 40 05 00 00 00 21 00 00 00 00
T$0A s1 f177 0A 38 78 00 40 05 00 00 00 20 00 00 00 00
T$0A s1 f178 0A 37 78 00 40 05 00 00 00 1F 00 00 00 00
T$0A s1 f179 0A 36 78 00 40 05 00 00 00 1E 00 00 00 00
T$0A s1 f180 0A 35 78 00 40 05 00 00 00 1D 00 00 00 00
T$0A s1 f181 0A 34 78 00 40 05 00 00 00 1C 00 00 00 00
T$0A s1 f182 0A 33 78 00 40 05 00 00 00 1B 00 00 00 00
T$0A s1 f183 0A 32 78 00 40 05 00 00 00 1A 00 00 00 00
T$0A s1 f184 0A 31 78 00 40 05 00 00 00 19 00 00 00 00
T$0A s1 f185 0A 30 78 00 40 05 00 00 00 18 00 00 00 00
T$0A s1 f186 0A 2F 78 00 40 05 00 00 00 17 00 00 00 00
T$0A s1 f187 0A 2E 78 00 40 05 00 00 00 16 00 00 00 00
T$0A s1 f188 0A 2D 78 00 40 05 00 00 00 15 00 00 00 00
T$0A s1 f189 0A 2C 78 00 40 05 00 00 00 14 00 00 00 00
T$0A s1 f190 0A 2B 78 00 40 05 00 00 00 13 00 00 00 00
T$0A s1 f191 0A 2A 78 00 40 05 00 00 00 12 00 00 00 00
T$0A s1 f192 0A 29 78 00 40 05 00 00 00 11 00 00 00 00
T$0A s1 f193 0A 28 78 00 00 05 00 00 00 10 00 00 00 00
T$0A s1 f194 0A 28 78 00 00 05 00 00 00 0F 00 00 00 00
T$0A s1 f195 0A 28 78 00 00 05 00 00 00 0E 00 00 00 00
T$0A s1 f196 0A 28 78 00 00 05 00 00 00 0D 00 00 00 00
T$0A s1 f197 0A 28 78 00 00 05 00 00 00 0C 00 00 00 00
T$0A s1 f198 0A 28 78 00 00 05 00 00 00 0B 00 00 00 00
T$0A s1 f199 0A 28 78 00 00 05 00 00 00 0A 00 00 00 00
T$0A s1 f200 0A 28 78 00 00 05 00 00 00 09 00 00 00 00
T$0A s1 f201 0A 28 78 00 00 05 00 00 00 08 00 00 00 00
T$0A s1 f202 0A 28 78 00 00 05 00 00 00 07 00 00 00 00
T$0A s1 f203 0A 28 78 00 00 05 00 00 00 06 00 00 00 00
T$0A s1 f204 0A 28 78 00 00 05 00 00 00 05 00 00 00 00
T$0A s1 f205 0A 28 78 00 00 05 00 00 00 04 00 00 00 00
T$0A s1 f206 0A 28 78 00 00 05 00 00 00 03 00 00 00 00
T$0A s1 f207 0A 28 78 00 00 05 00 00 00 02 00 00 00 00
T$0A s1 f208 0A 28 78 00 00 05 00 00 00 01 00 00 00 00
T$0A s1 f209 0A 28 78 00 00 05 00 00 00 00 00 00 00 00
T$0A s1 f210 0A 28 78 00 00 05 00 00 00 00 00 00 00 00
T$0A s1 f211 0A 28 78 00 00 05 00 00 00 00 00 00 00 00
T$0A s1 f212 0A 28 78 00 00 05 00 00 00 00 00 00 00 00
T$0A s1 f213 0A 28 78 00 00 05 00 00 00 00 00 00 00 00
T$0A s1 f214 0A 28 78 00 00 05 00 00 00 00 00 00 00 00
T$0A s1 f215 0A 28 78 00 00 05 00 00 00 00 00 00 00 00
T$0A s1 f216 0A 28 78 00 00 05 00 00 00 00 00 00 00 00
T$0A s1 f217 0A 28 78 00 00 05 00 00 00 00 00 00 00 00
T$0A s1 f218 0A 28 78 00 00 05 00 00 00 00 00 00 00 00
T$0A s1 f219 0A 28 78 00 00 05 00 00 00 00 00 00 00 00
T$0A s1 f220 0A 28 78 00 00 05 00 00 00 00 00 00 00 00
T$0A s1 f221 0A 28 78 00 00 05 00 00 00 00 00 00 00 00
T$0A s1 f222 0A 28 78 00 00 05 00 00 00 00 00 00 00 00
T$0A s1 f223 0A 28 78 00 00 05 00 00 00 00 00 00 00 00
T$0A s1 f224 0A 28 78 00 00 05 00 00 00 00 00 00 00 00
T$0A s1 f225 0A 28 78 00 00 05 00 00 00 80 00 00 00 00
T$0A s1 f226 0A 28 78 00 00 05 00 00 00 7F 00 00 00 00
T$0A s1 f227 0A 28 78 00 00 05 00 00 00 7E 00 00 00 00
T$0A s1 f228 0A 28 78 00 00 05 00 00 00 7D 00 00 00 00
T$0A s1 f229 0A 28 78 00 00 05 00 00 00 7C 00 00 00 00
T$0A s1 f230 0A 28 78 00 00 05 00 00 00 7B 00 00 00 00
T$0A s1 f231 0A 28 78 00 00 05 00 00 00 7A 00 00 00 00
T$0A s1 f232 0A 28 78 00 00 05 00 00 00 79 00 00 00 00
T$0A s1 f233 0A 28 78 00 00 05 00 00 00 78 00 00 00 00
T$0A s1 f234 0A 28 78 00 00 05 00 00 00 77 00 00 00 00
T$0A s1 f235 0A 28 78 00 00 05 00 00 00 76 00 00 00 00
T$0A s1 f236 0A 28 78 00 00 05 00 00 00 75 00 00 00 00
T$0A s1 f237 0A 28 78 00 00 05 00 00 00 74 00 00 00 00
T$0A s1 f238 0A 28 78 00 00 05 00 00 00 73 00 00 00 00
T$0A s1 f239 0A 28 78 00 00 05 00 00 00 72 00 00 00 00
T$0D s1 f  0 0D 80 78 00 20 81 00 00 00 10 00 00 00 00
T$0D s1 f  1 0D 80 78 00 20 81 00 00 00 0F 00 00 00 00
T$0D s1 f  2 0D 80 78 00 20 81 00 00 00 0E 00 00 00 00
T$0D s1 f  3 0D 80 78 00 20 81 00 00 00 0D 00 00 00 00
T$0D s1 f  4 0D 80 78 00 20 81 00 00 00 0C 00 00 00 00
T$0D s1 f  5 0D 80 78 00 20 81 00 00 00 0B 00 00 00 00
T$0D s1 f  6 0D 80 78 00 20 81 00 00 00 0A 00 00 00 00
T$0D s1 f  7 0D 80 78 00 20 81 00 00 00 09 00 00 00 00
T$0D s1 f  8 0D 80 78 00 20 81 00 00 00 08 00 00 00 00
T$0D s1 f  9 0D 80 78 00 20 81 00 00 00 07 00 00 00 00
T$0D s1 f 10 0D 80 78 00 20 81 00 00 00 06 00 00 00 00
T$0D s1 f 11 0D 80 78 00 20 81 00 00 00 05 00 00 00 00
T$0D s1 f 12 0D 80 78 00 20 81 00 00 00 04 00 00 00 00
T$0D s1 f 13 0D 80 78 00 20 81 00 00 00 03 00 00 00 00
T$0D s1 f 14 0D 80 78 00 20 81 00 00 00 02 00 00 00 00
T$0D s1 f 15 0D 80 78 00 20 81 00 00 00 01 00 00 00 00
T$0D s1 f 16 0D 80 78 00 20 81 00 00 00 06 00 00 00 00
T$0D s1 f 17 0D 80 78 00 20 81 00 00 00 05 00 00 00 00
T$0D s1 f 18 0D 80 78 00 20 81 00 00 00 04 00 00 00 00
T$0D s1 f 19 0D 80 78 00 20 81 00 00 00 03 00 00 00 00
T$0D s1 f 20 0D 80 78 00 20 81 00 00 00 02 00 00 00 00
T$0D s1 f 21 0D 80 78 00 20 81 00 00 00 01 00 00 00 00
T$0D s1 f 22 0D 80 78 00 20 81 00 00 00 06 00 00 00 00
T$0D s1 f 23 0D 80 78 00 20 81 00 00 00 05 00 00 00 00
T$0D s1 f 24 0D 80 78 00 20 81 00 00 00 04 00 00 00 00
T$0D s1 f 25 0D 80 78 00 20 81 00 00 00 03 00 00 00 00
T$0D s1 f 26 0D 80 78 00 20 81 00 00 00 02 00 00 00 00
T$0D s1 f 27 0D 80 78 00 20 81 00 00 00 01 00 00 00 00
T$0D s1 f 28 0D 80 78 00 20 81 00 00 00 06 00 00 00 00
T$0D s1 f 29 0D 80 78 00 20 81 00 00 00 05 00 00 00 00
T$0D s1 f 30 0D 80 78 00 20 81 00 00 00 04 00 00 00 00
T$0D s1 f 31 0D 80 78 00 20 81 00 00 00 03 00 00 00 00
T$0D s1 f 32 0D 80 78 00 20 81 00 00 00 02 00 00 00 00
T$0D s1 f 33 0D 80 78 00 20 81 00 00 00 01 00 00 00 00
T$0D s1 f 34 0D 80 78 00 20 81 00 01 00 00 00 00 00 00
T$0D s1 f 35 0D 81 75 00 20 81 00 01 00 00 00 00 00 00
T$0D s1 f 36 0D 82 72 00 20 81 00 01 00 00 00 00 00 00
T$0D s1 f 37 0D 83 6F 00 20 81 00 01 00 00 00 00 00 00
T$0D s1 f 38 0D 84 6C 00 20 81 00 01 00 00 00 00 00 00
T$0D s1 f 39 0D 85 6A 00 20 81 00 01 00 00 00 00 00 00
T$0D s1 f 40 0D 86 68 00 20 81 00 01 00 00 00 00 00 00
T$0D s1 f 41 0D 87 66 00 20 81 00 01 00 00 00 00 00 00
T$0D s1 f 42 0D 88 64 00 20 81 00 01 00 00 00 00 00 00
T$0D s1 f 43 0D 89 63 00 20 81 00 01 00 00 00 00 00 00
T$0D s1 f 44 0D 8A 62 00 20 81 00 01 00 00 00 00 00 00
T$0D s1 f 45 0D 8B 61 00 20 81 00 01 00 00 00 00 00 00
T$0D s1 f 46 0D 8C 60 00 20 81 00 01 00 00 00 00 00 00
T$0D s1 f 47 0D 8D 60 00 20 81 00 01 00 00 00 00 00 00
T$0D s1 f 48 0D 8E 60 00 20 81 00 01 00 00 00 00 00 00
T$0D s1 f 49 0D 8F 60 00 20 81 00 01 00 00 00 00 00 00
T$0D s1 f 50 0D 90 60 00 20 81 00 01 00 00 00 00 00 00
T$0D s1 f 51 0D 91 61 00 20 81 00 01 00 00 00 00 00 00
T$0D s1 f 52 0D 92 62 00 20 81 00 01 00 00 00 00 00 00
T$0D s1 f 53 0D 93 63 00 20 81 00 01 00 00 00 00 00 00
T$0D s1 f 54 0D 94 64 00 20 81 00 01 00 00 00 00 00 00
T$0D s1 f 55 0D 95 66 00 20 81 00 01 00 00 00 00 00 00
T$0D s1 f 56 0D 96 68 00 20 81 00 01 00 00 00 00 00 00
T$0D s1 f 57 0D 97 6A 00 20 81 00 01 00 00 00 00 00 00
T$0D s1 f 58 0D 98 6C 00 20 81 00 01 00 00 00 00 00 00
T$0D s1 f 59 0D 99 6F 00 20 81 00 01 00 00 00 00 00 00
T$0D s1 f 60 0D 9A 72 00 20 81 00 01 00 00 00 00 00 00
T$0D s1 f 61 0D 9B 74 00 20 81 00 01 00 00 00 00 00 00
T$0D s1 f 62 0D 9C 76 00 20 81 00 01 00 00 00 00 00 00
T$0D s1 f 63 0D 9D 79 00 20 81 00 01 00 00 00 00 00 00
T$0D s1 f 64 0D 9E 7C 00 20 81 00 01 00 00 00 00 00 00
T$0D s1 f 65 0D 9F 7E 00 20 81 00 01 00 00 00 00 00 00
T$0D s1 f 66 0D A0 80 00 20 81 00 01 00 00 00 00 00 00
T$0D s1 f 67 0D A1 83 00 20 81 00 01 00 00 00 00 00 00
T$0D s1 f 68 0D A2 86 00 20 81 00 01 00 00 00 00 00 00
T$0D s1 f 69 0D A3 88 00 20 81 00 01 00 00 00 00 00 00
T$0D s1 f 70 0D A4 8A 00 20 81 00 01 00 00 00 00 00 00
T$0D s1 f 71 0D A5 8D 00 20 81 00 01 00 00 00 00 00 00
T$0D s1 f 72 0D A6 90 00 20 81 00 01 00 00 00 00 00 00
T$0D s1 f 73 0D A7 92 00 20 81 00 01 00 00 00 00 00 00
T$0D s1 f 74 0D A8 94 00 20 81 00 01 00 00 00 00 00 00
T$0D s1 f 75 0D A9 97 00 20 81 00 00 00 C8 00 00 00 00
T$0D s1 f 76 0D A9 97 00 20 81 00 00 00 C7 00 00 00 00
T$0D s1 f 77 0D A9 97 00 20 81 00 00 00 C6 00 00 00 00
T$0D s1 f 78 0D A9 97 00 20 81 00 00 00 C5 00 00 00 00
T$0D s1 f 79 0D A9 97 00 20 81 00 00 00 C4 00 00 00 00
T$0D s1 f 80 0D A9 97 00 20 81 00 00 00 C3 00 00 00 00
T$0D s1 f 81 0D A9 97 00 20 81 00 00 00 C2 00 00 00 00
T$0D s1 f 82 0D A9 97 00 20 81 00 00 00 C1 00 00 00 00
T$0D s1 f 83 0D A9 97 00 20 81 00 00 00 C0 00 00 00 00
T$0D s1 f 84 0D A9 97 00 20 81 00 00 00 BF 00 00 00 00
T$0D s1 f 85 0D A9 97 00 20 81 00 00 00 BE 00 00 00 00
T$0D s1 f 86 0D A9 97 00 20 81 00 00 00 BD 00 00 00 00
T$0D s1 f 87 0D A9 97 00 20 81 00 00 00 BC 00 00 00 00
T$0D s1 f 88 0D A9 97 00 20 81 00 00 00 BB 00 00 00 00
T$0D s1 f 89 0D A9 97 00 20 81 00 00 00 BA 00 00 00 00
T$0D s1 f 90 0D A9 97 00 20 81 00 00 00 B9 00 00 00 00
T$0D s1 f 91 0D A9 97 00 20 81 00 00 00 B8 00 00 00 00
T$0D s1 f 92 0D A9 97 00 20 81 00 00 00 B7 00 00 00 00
T$0D s1 f 93 0D A9 97 00 20 81 00 00 00 B6 00 00 00 00
T$0D s1 f 94 0D A9 97 00 20 81 00 00 00 B5 00 00 00 00
T$0D s1 f 95 0D A9 97 00 20 81 00 00 00 B4 00 00 00 00
T$0D s1 f 96 0D A9 97 00 20 81 00 00 00 B3 00 00 00 00
T$0D s1 f 97 0D A9 97 00 20 81 00 00 00 B2 00 00 00 00
T$0D s1 f 98 0D A9 97 00 20 81 00 00 00 B1 00 00 00 00
T$0D s1 f 99 0D A9 97 00 20 81 00 00 00 B0 00 00 00 00
T$0D s1 f100 0D A9 97 00 20 81 00 00 00 AF 00 00 00 00
T$0D s1 f101 0D A9 97 00 20 81 00 00 00 AE 00 00 00 00
T$0D s1 f102 0D A9 97 00 20 81 00 00 00 AD 00 00 00 00
T$0D s1 f103 0D A9 97 00 20 81 00 00 00 AC 00 00 00 00
T$0D s1 f104 0D A9 97 00 20 81 00 00 00 AB 00 00 00 00
T$0D s1 f105 0D A9 97 00 20 81 00 00 00 AA 00 00 00 00
T$0D s1 f106 0D A9 97 00 20 81 00 00 00 A9 00 00 00 00
T$0D s1 f107 0D A9 97 00 20 81 00 00 00 A8 00 00 00 00
T$0D s1 f108 0D A9 97 00 20 81 00 00 00 A7 00 00 00 00
T$0D s1 f109 0D A9 97 00 20 81 00 00 00 A6 00 00 00 00
T$0D s1 f110 0D A9 97 00 20 81 00 00 00 A5 00 00 00 00
T$0D s1 f111 0D A9 97 00 20 81 00 00 00 A4 00 00 00 00
T$0D s1 f112 0D A9 97 00 20 81 00 00 00 A3 00 00 00 00
T$0D s1 f113 0D A9 97 00 20 81 00 00 00 A2 00 00 00 00
T$0D s1 f114 0D A9 97 00 20 81 00 00 00 A1 00 00 00 00
T$0D s1 f115 0D A9 97 00 20 81 00 00 00 A0 00 00 00 00
T$0D s1 f116 0D A9 97 00 20 81 00 00 00 9F 00 00 00 00
T$0D s1 f117 0D A9 97 00 20 81 00 00 00 9E 00 00 00 00
T$0D s1 f118 0D A9 97 00 20 81 00 00 00 9D 00 00 00 00
T$0D s1 f119 0D A9 97 00 20 81 00 00 00 9C 00 00 00 00
T$0D s1 f120 0D A9 97 00 20 81 00 00 00 9B 00 00 00 00
T$0D s1 f121 0D A9 97 00 20 81 00 00 00 9A 00 00 00 00
T$0D s1 f122 0D A9 97 00 20 81 00 00 00 99 00 00 00 00
T$0D s1 f123 0D A9 97 00 20 81 00 00 00 98 00 00 00 00
T$0D s1 f124 0D A9 97 00 20 81 00 00 00 97 00 00 00 00
T$0D s1 f125 0D A9 97 00 20 81 00 00 00 96 00 00 00 00
T$0D s1 f126 0D A9 97 00 20 81 00 00 00 95 00 00 00 00
T$0D s1 f127 0D A9 97 00 20 81 00 00 00 94 00 00 00 00
T$0D s1 f128 0D A9 97 00 20 81 00 00 00 93 00 00 00 00
T$0D s1 f129 0D A9 97 00 20 81 00 00 00 92 00 00 00 00
T$0D s1 f130 0D A9 97 00 20 81 00 00 00 91 00 00 00 00
T$0D s1 f131 0D A9 97 00 20 81 00 00 00 90 00 00 00 00
T$0D s1 f132 0D A9 97 00 20 81 00 00 00 8F 00 00 00 00
T$0D s1 f133 0D A9 97 00 20 81 00 00 00 8E 00 00 00 00
T$0D s1 f134 0D A9 97 00 20 81 00 00 00 8D 00 00 00 00
T$0D s1 f135 0D A9 97 00 20 81 00 00 00 8C 00 00 00 00
T$0D s1 f136 0D A9 97 00 20 81 00 00 00 8B 00 00 00 00
T$0D s1 f137 0D A9 97 00 20 81 00 00 00 8A 00 00 00 00
T$0D s1 f138 0D A9 97 00 20 81 00 00 00 89 00 00 00 00
T$0D s1 f139 0D A9 97 00 20 81 00 00 00 88 00 00 00 00
T$0D s1 f140 0D A9 97 00 20 81 00 00 00 87 00 00 00 00
T$0D s1 f141 0D A9 97 00 20 81 00 00 00 86 00 00 00 00
T$0D s1 f142 0D A9 97 00 20 81 00 00 00 85 00 00 00 00
T$0D s1 f143 0D A9 97 00 20 81 00 00 00 84 00 00 00 00
T$0D s1 f144 0D A9 97 00 20 81 00 00 00 83 00 00 00 00
T$0D s1 f145 0D A9 97 00 20 81 00 00 00 82 00 00 00 00
T$0D s1 f146 0D A9 97 00 20 81 00 00 00 81 00 00 00 00
T$0D s1 f147 0D A9 97 00 20 81 00 00 00 80 00 00 00 00
T$0D s1 f148 0D A9 97 00 20 81 00 00 00 7F 00 00 00 00
T$0D s1 f149 0D A9 97 00 20 81 00 00 00 7E 00 00 00 00
T$0D s1 f150 0D A9 97 00 20 81 00 00 00 7D 00 00 00 00
T$0D s1 f151 0D A9 97 00 20 81 00 00 00 7C 00 00 00 00
T$0D s1 f152 0D A9 97 00 20 81 00 00 00 7B 00 00 00 00
T$0D s1 f153 0D A9 97 00 20 81 00 00 00 7A 00 00 00 00
T$0D s1 f154 0D A9 97 00 20 81 00 00 00 79 00 00 00 00
T$0D s1 f155 0D A9 97 00 20 81 00 00 00 78 00 00 00 00
T$0D s1 f156 0D A9 97 00 20 81 00 00 00 77 00 00 00 00
T$0D s1 f157 0D A9 97 00 20 81 00 00 00 76 00 00 00 00
T$0D s1 f158 0D A9 97 00 20 81 00 00 00 75 00 00 00 00
T$0D s1 f159 0D A9 97 00 20 81 00 00 00 74 00 00 00 00
T$0D s1 f160 0D A9 97 00 20 81 00 00 00 73 00 00 00 00
T$0D s1 f161 0D A9 97 00 20 81 00 00 00 72 00 00 00 00
T$0D s1 f162 0D A9 97 00 20 81 00 00 00 71 00 00 00 00
T$0D s1 f163 0D A9 97 00 20 81 00 00 00 70 00 00 00 00
T$0D s1 f164 0D A9 97 00 20 81 00 00 00 6F 00 00 00 00
T$0D s1 f165 0D A9 97 00 20 81 00 00 00 6E 00 00 00 00
T$0D s1 f166 0D A9 97 00 20 81 00 00 00 6D 00 00 00 00
T$0D s1 f167 0D A9 97 00 20 81 00 00 00 6C 00 00 00 00
T$0D s1 f168 0D A9 97 00 20 81 00 00 00 6B 00 00 00 00
T$0D s1 f169 0D A9 97 00 20 81 00 00 00 6A 00 00 00 00
T$0D s1 f170 0D A9 97 00 20 81 00 00 00 69 00 00 00 00
T$0D s1 f171 0D A9 97 00 20 81 00 00 00 68 00 00 00 00
T$0D s1 f172 0D A9 97 00 20 81 00 00 00 67 00 00 00 00
T$0D s1 f173 0D A9 97 00 20 81 00 00 00 66 00 00 00 00
T$0D s1 f174 0D A9 97 00 20 81 00 00 00 65 00 00 00 00
T$0D s1 f175 0D A9 97 00 20 81 00 00 00 64 00 00 00 00
T$0D s1 f176 0D A9 97 00 20 81 00 00 00 63 00 00 00 00
T$0D s1 f177 0D A9 97 00 20 81 00 00 00 62 00 00 00 00
T$0D s1 f178 0D A9 97 00 20 81 00 00 00 61 00 00 00 00
T$0D s1 f179 0D A9 97 00 20 81 00 00 00 60 00 00 00 00
T$0D s1 f180 0D A9 97 00 20 81 00 00 00 5F 00 00 00 00
T$0D s1 f181 0D A9 97 00 20 81 00 00 00 5E 00 00 00 00
T$0D s1 f182 0D A9 97 00 20 81 00 00 00 5D 00 00 00 00
T$0D s1 f183 0D A9 97 00 20 81 00 00 00 5C 00 00 00 00
T$0D s1 f184 0D A9 97 00 20 81 00 00 00 5B 00 00 00 00
T$0D s1 f185 0D A9 97 00 20 81 00 00 00 5A 00 00 00 00
T$0D s1 f186 0D A9 97 00 20 81 00 00 00 59 00 00 00 00
T$0D s1 f187 0D A9 97 00 20 81 00 00 00 58 00 00 00 00
T$0D s1 f188 0D A9 97 00 20 81 00 00 00 57 00 00 00 00
T$0D s1 f189 0D A9 97 00 20 81 00 00 00 56 00 00 00 00
T$0D s1 f190 0D A9 97 00 20 81 00 00 00 55 00 00 00 00
T$0D s1 f191 0D A9 97 00 20 81 00 00 00 54 00 00 00 00
T$0D s1 f192 0D A9 97 00 20 81 00 00 00 53 00 00 00 00
T$0D s1 f193 0D A9 97 00 20 81 00 00 00 52 00 00 00 00
T$0D s1 f194 0D A9 97 00 20 81 00 00 00 51 00 00 00 00
T$0D s1 f195 0D A9 97 00 20 81 00 00 00 50 00 00 00 00
T$0D s1 f196 0D A9 97 00 20 81 00 00 00 4F 00 00 00 00
T$0D s1 f197 0D A9 97 00 20 81 00 00 00 4E 00 00 00 00
T$0D s1 f198 0D A9 97 00 20 81 00 00 00 4D 00 00 00 00
T$0D s1 f199 0D A9 97 00 20 81 00 00 00 4C 00 00 00 00
T$0D s1 f200 0D A9 97 00 20 81 00 00 00 4B 00 00 00 00
T$0D s1 f201 0D A9 97 00 20 81 00 00 00 4A 00 00 00 00
T$0D s1 f202 0D A9 97 00 20 81 00 00 00 49 00 00 00 00
T$0D s1 f203 0D A9 97 00 20 81 00 00 00 48 00 00 00 00
T$0D s1 f204 0D A9 97 00 20 81 00 00 00 47 00 00 00 00
T$0D s1 f205 0D A9 97 00 20 81 00 00 00 46 00 00 00 00
T$0D s1 f206 0D A9 97 00 20 81 00 00 00 45 00 00 00 00
T$0D s1 f207 0D A9 97 00 20 81 00 00 00 44 00 00 00 00
T$0D s1 f208 0D A9 97 00 20 81 00 00 00 43 00 00 00 00
T$0D s1 f209 0D A9 97 00 20 81 00 00 00 42 00 00 00 00
T$0D s1 f210 0D A9 97 00 20 81 00 00 00 41 00 00 00 00
T$0D s1 f211 0D A9 97 00 20 81 00 00 00 40 00 00 00 00
T$0D s1 f212 0D A9 97 00 20 81 00 00 00 3F 00 00 00 00
T$0D s1 f213 0D A9 97 00 20 81 00 00 00 3E 00 00 00 00
T$0D s1 f214 0D A9 97 00 20 81 00 00 00 3D 00 00 00 00
T$0D s1 f215 0D A9 97 00 20 81 00 00 00 3C 00 00 00 00
T$0D s1 f216 0D A9 97 00 20 81 00 00 00 3B 00 00 00 00
T$0D s1 f217 0D A9 97 00 20 81 00 00 00 3A 00 00 00 00
T$0D s1 f218 0D A9 97 00 20 81 00 00 00 39 00 00 00 00
T$0D s1 f219 0D A9 97 00 20 81 00 00 00 38 00 00 00 00
T$0D s1 f220 0D A9 97 00 20 81 00 00 00 37 00 00 00 00
T$0D s1 f221 0D A9 97 00 20 81 00 00 00 36 00 00 00 00
T$0D s1 f222 0D A9 97 00 20 81 00 00 00 35 00 00 00 00
T$0D s1 f223 0D A9 97 00 20 81 00 00 00 34 00 00 00 00
T$0D s1 f224 0D A9 97 00 20 81 00 00 00 33 00 00 00 00
T$0D s1 f225 0D A9 97 00 20 81 00 00 00 32 00 00 00 00
T$0D s1 f226 0D A9 97 00 20 81 00 00 00 31 00 00 00 00
T$0D s1 f227 0D A9 97 00 20 81 00 00 00 30 00 00 00 00
T$0D s1 f228 0D A9 97 00 20 81 00 00 00 2F 00 00 00 00
T$0D s1 f229 0D A9 97 00 20 81 00 00 00 2E 00 00 00 00
T$0D s1 f230 0D A9 97 00 20 81 00 00 00 2D 00 00 00 00
T$0D s1 f231 0D A9 97 00 20 81 00 00 00 2C 00 00 00 00
T$0D s1 f232 0D A9 97 00 20 81 00 00 00 2B 00 00 00 00
T$0D s1 f233 0D A9 97 00 20 81 00 00 00 2A 00 00 00 00
T$0D s1 f234 0D A9 97 00 20 81 00 00 00 29 00 00 00 00
T$0D s1 f235 0D A9 97 00 20 81 00 00 00 28 00 00 00 00
T$0D s1 f236 0D A9 97 00 20 81 00 00 00 27 00 00 00 00
T$0D s1 f237 0D A9 97 00 20 81 00 00 00 26 00 00 00 00
T$0D s1 f238 0D A9 97 00 20 81 00 00 00 25 00 00 00 00
T$0D s1 f239 0D A9 97 00 20 81 00 00 00 24 00 00 00 00
T$0E s1 f  0 0E 80 78 00 20 81 00 00 00 10 00 00 00 00
T$0E s1 f  1 0E 80 78 00 20 81 00 00 00 0F 00 00 00 00
T$0E s1 f  2 0E 80 78 00 20 81 00 00 00 0E 00 00 00 00
T$0E s1 f  3 0E 80 78 00 20 81 00 00 00 0D 00 00 00 00
T$0E s1 f  4 0E 80 78 00 20 81 00 00 00 0C 00 00 00 00
T$0E s1 f  5 0E 80 78 00 20 81 00 00 00 0B 00 00 00 00
T$0E s1 f  6 0E 80 78 00 20 81 00 00 00 0A 00 00 00 00
T$0E s1 f  7 0E 80 78 00 20 81 00 00 00 09 00 00 00 00
T$0E s1 f  8 0E 80 78 00 20 81 00 00 00 08 00 00 00 00
T$0E s1 f  9 0E 80 78 00 20 81 00 00 00 07 00 00 00 00
T$0E s1 f 10 0E 80 78 00 20 81 00 00 00 06 00 00 00 00
T$0E s1 f 11 0E 80 78 00 20 81 00 00 00 05 00 00 00 00
T$0E s1 f 12 0E 80 78 00 20 81 00 00 00 04 00 00 00 00
T$0E s1 f 13 0E 80 78 00 20 81 00 00 00 03 00 00 00 00
T$0E s1 f 14 0E 80 78 00 20 81 00 00 00 02 00 00 00 00
T$0E s1 f 15 0E 80 78 00 20 81 00 00 00 01 00 00 00 00
T$0E s1 f 16 0E 80 78 00 20 81 00 00 00 06 00 00 00 00
T$0E s1 f 17 0E 80 78 00 20 81 00 00 00 05 00 00 00 00
T$0E s1 f 18 0E 80 78 00 20 81 00 00 00 04 00 00 00 00
T$0E s1 f 19 0E 80 78 00 20 81 00 00 00 03 00 00 00 00
T$0E s1 f 20 0E 80 78 00 20 81 00 00 00 02 00 00 00 00
T$0E s1 f 21 0E 80 78 00 20 81 00 00 00 01 00 00 00 00
T$0E s1 f 22 0E 80 78 00 20 81 00 00 00 06 00 00 00 00
T$0E s1 f 23 0E 80 78 00 20 81 00 00 00 05 00 00 00 00
T$0E s1 f 24 0E 80 78 00 20 81 00 00 00 04 00 00 00 00
T$0E s1 f 25 0E 80 78 00 20 81 00 00 00 03 00 00 00 00
T$0E s1 f 26 0E 80 78 00 20 81 00 00 00 02 00 00 00 00
T$0E s1 f 27 0E 80 78 00 20 81 00 00 00 01 00 00 00 00
T$0E s1 f 28 0E 80 78 00 20 81 00 00 00 06 00 00 00 00
T$0E s1 f 29 0E 80 78 00 20 81 00 00 00 05 00 00 00 00
T$0E s1 f 30 0E 80 78 00 20 81 00 00 00 04 00 00 00 00
T$0E s1 f 31 0E 80 78 00 20 81 00 00 00 03 00 00 00 00
T$0E s1 f 32 0E 80 78 00 20 81 00 00 00 02 00 00 00 00
T$0E s1 f 33 0E 80 78 00 20 81 00 00 00 01 00 00 00 00
T$0E s1 f 34 0E 80 78 00 20 81 00 01 00 00 00 00 00 00
T$0E s1 f 35 0E 81 74 00 20 81 00 01 00 00 00 00 00 00
T$0E s1 f 36 0E 82 70 00 20 81 00 01 00 00 00 00 00 00
T$0E s1 f 37 0E 83 6D 00 20 81 00 01 00 00 00 00 00 00
T$0E s1 f 38 0E 84 6A 00 20 81 00 01 00 00 00 00 00 00
T$0E s1 f 39 0E 85 68 00 20 81 00 01 00 00 00 00 00 00
T$0E s1 f 40 0E 86 66 00 20 81 00 01 00 00 00 00 00 00
T$0E s1 f 41 0E 87 65 00 20 81 00 01 00 00 00 00 00 00
T$0E s1 f 42 0E 88 64 00 20 81 00 01 00 00 00 00 00 00
T$0E s1 f 43 0E 89 64 00 20 81 00 01 00 00 00 00 00 00
T$0E s1 f 44 0E 8A 64 00 20 81 00 01 00 00 00 00 00 00
T$0E s1 f 45 0E 8B 65 00 20 81 00 01 00 00 00 00 00 00
T$0E s1 f 46 0E 8C 66 00 20 81 00 01 00 00 00 00 00 00
T$0E s1 f 47 0E 8D 68 00 20 81 00 01 00 00 00 00 00 00
T$0E s1 f 48 0E 8E 6A 00 20 81 00 01 00 00 00 00 00 00
T$0E s1 f 49 0E 8F 6D 00 20 81 00 01 00 00 00 00 00 00
T$0E s1 f 50 0E 90 6F 00 20 81 00 01 00 00 00 00 00 00
T$0E s1 f 51 0E 91 72 00 20 81 00 01 00 00 00 00 00 00
T$0E s1 f 52 0E 92 74 00 20 81 00 01 00 00 00 00 00 00
T$0E s1 f 53 0E 93 77 00 20 81 00 01 00 00 00 00 00 00
T$0E s1 f 54 0E 94 79 00 20 81 00 01 00 00 00 00 00 00
T$0E s1 f 55 0E 95 7C 00 20 81 00 01 00 00 00 00 00 00
T$0E s1 f 56 0E 96 7E 00 20 81 00 01 00 00 00 00 00 00
T$0E s1 f 57 0E 97 81 00 20 81 00 01 00 00 00 00 00 00
T$0E s1 f 58 0E 98 83 00 20 81 00 01 00 00 00 00 00 00
T$0E s1 f 59 0E 99 86 00 20 81 00 01 00 00 00 00 00 00
T$0E s1 f 60 0E 9A 88 00 20 81 00 01 00 00 00 00 00 00
T$0E s1 f 61 0E 9B 8B 00 20 81 00 01 00 00 00 00 00 00
T$0E s1 f 62 0E 9C 8D 00 20 81 00 01 00 00 00 00 00 00
T$0E s1 f 63 0E 9D 90 00 20 81 00 01 00 00 00 00 00 00
T$0E s1 f 64 0E 9E 92 00 20 81 00 01 00 00 00 00 00 00
T$0E s1 f 65 0E 9F 95 00 20 81 00 01 00 00 00 00 00 00
T$0E s1 f 66 0E A0 97 00 20 81 00 00 00 32 00 00 00 00
T$0E s1 f 67 0E A0 97 00 20 81 00 00 00 31 00 00 00 00
T$0E s1 f 68 0E A0 97 00 20 81 00 00 00 30 00 00 00 00
T$0E s1 f 69 0E A0 97 00 20 81 00 00 00 2F 00 00 00 00
T$0E s1 f 70 0E A0 97 00 20 81 00 00 00 2E 00 00 00 00
T$0E s1 f 71 0E A0 97 00 20 81 00 00 00 2D 00 00 00 00
T$0E s1 f 72 0E A0 97 00 20 81 00 00 00 2C 00 00 00 00
T$0E s1 f 73 0E A0 97 00 20 81 00 00 00 2B 00 00 00 00
T$0E s1 f 74 0E A0 97 00 20 81 00 00 00 2A 00 00 00 00
T$0E s1 f 75 0E A0 97 00 20 81 00 00 00 29 00 00 00 00
T$0E s1 f 76 0E A0 97 00 20 81 00 00 00 28 00 00 00 00
T$0E s1 f 77 0E A0 97 00 20 81 00 00 00 27 00 00 00 00
T$0E s1 f 78 0E A0 97 00 20 81 00 00 00 26 00 00 00 00
T$0E s1 f 79 0E A0 97 00 20 81 00 00 00 25 00 00 00 00
T$0E s1 f 80 0E A0 97 00 20 81 00 00 00 24 00 00 00 00
T$0E s1 f 81 0E A0 97 00 20 81 00 00 00 23 00 00 00 00
T$0E s1 f 82 0E A0 97 00 20 81 00 00 00 22 00 00 00 00
T$0E s1 f 83 0E A0 97 00 20 81 00 00 00 21 00 00 00 00
T$0E s1 f 84 0E A0 97 00 20 81 00 00 00 20 00 00 00 00
T$0E s1 f 85 0E A0 97 00 20 81 00 00 00 1F 00 00 00 00
T$0E s1 f 86 0E A0 97 00 20 81 00 00 00 1E 00 00 00 00
T$0E s1 f 87 0E A0 97 00 20 81 00 00 00 1D 00 00 00 00
T$0E s1 f 88 0E A0 97 00 20 81 00 00 00 1C 00 00 00 00
T$0E s1 f 89 0E A0 97 00 20 81 00 00 00 1B 00 00 00 00
T$0E s1 f 90 0E A0 97 00 20 81 00 00 00 1A 00 00 00 00
T$0E s1 f 91 0E A0 97 00 20 81 00 00 00 19 00 00 00 00
T$0E s1 f 92 0E A0 97 00 20 81 00 00 00 18 00 00 00 00
T$0E s1 f 93 0E A0 97 00 20 81 00 00 00 17 00 00 00 00
T$0E s1 f 94 0E A0 97 00 20 81 00 00 00 16 00 00 00 00
T$0E s1 f 95 0E A0 97 00 20 81 00 00 00 15 00 00 00 00
T$0E s1 f 96 0E A0 97 00 20 81 00 00 00 14 00 00 00 00
T$0E s1 f 97 0E A0 97 00 20 81 00 00 00 13 00 00 00 00
T$0E s1 f 98 0E A0 97 00 20 81 00 00 00 12 00 00 00 00
T$0E s1 f 99 0E A0 97 00 20 81 00 00 00 11 00 00 00 00
T$0E s1 f100 0E A0 97 00 20 81 00 00 00 10 00 00 00 00
T$0E s1 f101 0E A0 97 00 20 81 00 00 00 0F 00 00 00 00
T$0E s1 f102 0E A0 97 00 20 81 00 00 00 0E 00 00 00 00
T$0E s1 f103 0E A0 97 00 20 81 00 00 00 0D 00 00 00 00
T$0E s1 f104 0E A0 97 00 20 81 00 00 00 0C 00 00 00 00
T$0E s1 f105 0E A0 97 00 20 81 00 00 00 0B 00 00 00 00
T$0E s1 f106 0E A0 97 00 20 81 00 00 00 0A 00 00 00 00
T$0E s1 f107 0E A0 97 00 20 81 00 00 00 09 00 00 00 00
T$0E s1 f108 0E A0 97 00 20 81 00 00 00 08 00 00 00 00
T$0E s1 f109 0E A0 97 00 20 81 00 00 00 07 00 00 00 00
T$0E s1 f110 0E A0 97 00 20 81 00 00 00 06 00 00 00 00
T$0E s1 f111 0E A0 97 00 20 81 00 00 00 05 00 00 00 00
T$0E s1 f112 0E A0 97 00 20 81 00 00 00 04 00 00 00 00
T$0E s1 f113 0E A0 97 00 20 81 00 00 00 03 00 00 00 00
T$0E s1 f114 0E A0 97 00 20 81 00 00 00 02 00 00 00 00
T$0E s1 f115 0E A0 97 00 20 81 00 00 00 01 00 00 00 00
T$0E s1 f116 0E A0 97 00 20 81 00 01 00 00 00 00 00 00
T$0E s1 f117 0E A1 93 00 20 81 00 01 00 00 00 00 00 00
T$0E s1 f118 0E A2 8F 00 20 81 00 01 00 00 00 00 00 00
T$0E s1 f119 0E A3 8C 00 20 81 00 01 00 00 00 00 00 00
T$0E s1 f120 0E A4 89 00 20 81 00 01 00 00 00 00 00 00
T$0E s1 f121 0E A5 87 00 20 81 00 01 00 00 00 00 00 00
T$0E s1 f122 0E A6 85 00 20 81 00 01 00 00 00 00 00 00
T$0E s1 f123 0E A7 84 00 20 81 00 01 00 00 00 00 00 00
T$0E s1 f124 0E A8 83 00 20 81 00 01 00 00 00 00 00 00
T$0E s1 f125 0E A9 83 00 20 81 00 01 00 00 00 00 00 00
T$0E s1 f126 0E AA 83 00 20 81 00 01 00 00 00 00 00 00
T$0E s1 f127 0E AB 84 00 20 81 00 01 00 00 00 00 00 00
T$0E s1 f128 0E AC 85 00 20 81 00 01 00 00 00 00 00 00
T$0E s1 f129 0E AD 87 00 20 81 00 01 00 00 00 00 00 00
T$0E s1 f130 0E AE 89 00 20 81 00 01 00 00 00 00 00 00
T$0E s1 f131 0E AF 8C 00 20 81 00 01 00 00 00 00 00 00
T$0E s1 f132 0E B0 8E 00 20 81 00 01 00 00 00 00 00 00
T$0E s1 f133 0E B1 91 00 20 81 00 01 00 00 00 00 00 00
T$0E s1 f134 0E B2 93 00 20 81 00 01 00 00 00 00 00 00
T$0E s1 f135 0E B3 96 00 20 81 00 01 00 00 00 00 00 00
T$0E s1 f136 0E B4 98 00 20 81 00 01 00 00 00 00 00 00
T$0E s1 f137 0E B5 9B 00 20 81 00 01 00 00 00 00 00 00
T$0E s1 f138 0E B6 9D 00 20 81 00 01 00 00 00 00 00 00
T$0E s1 f139 0E B7 A0 00 20 81 00 01 00 00 00 00 00 00
T$0E s1 f140 0E B8 A2 00 20 81 00 01 00 00 00 00 00 00
T$0E s1 f141 0E B9 A5 00 20 81 00 01 00 00 00 00 00 00
T$0E s1 f142 0E BA A7 00 20 81 00 01 00 00 00 00 00 00
T$0E s1 f143 0E BB AA 00 20 81 00 01 00 00 00 00 00 00
T$0E s1 f144 0E BC AC 00 20 81 00 01 00 00 00 00 00 00
T$0E s1 f145 0E BD AF 00 20 81 00 01 00 00 00 00 00 00
T$0E s1 f146 0E BE B1 00 20 81 00 01 00 00 00 00 00 00
T$0E s1 f147 0E BF B4 00 20 81 00 01 00 00 00 00 00 00
T$0E s1 f148 0E C0 B6 00 20 81 00 00 00 09 00 00 00 00
T$0E s1 f149 0E C0 B6 00 20 81 00 00 00 08 00 00 00 00
T$0E s1 f150 0E C0 B6 00 20 81 00 00 00 07 00 00 00 00
T$0E s1 f151 0E C0 B6 00 20 81 00 00 00 06 00 00 00 00
T$0E s1 f152 0E C0 B6 00 20 81 00 00 00 05 00 00 00 00
T$0E s1 f153 0E C0 B6 00 20 81 00 00 00 04 00 00 00 00
T$0E s1 f154 0E C0 B6 00 20 81 00 00 00 03 00 00 00 00
T$0E s1 f155 0E C0 B6 00 20 81 00 00 00 02 00 00 00 00
T$0E s1 f156 0E C0 B6 00 20 81 00 00 00 01 00 00 00 00
T$0E s1 f157 0E C0 B6 00 20 81 00 01 00 00 00 00 00 00
T$0E s1 f158 0E C1 B2 00 20 81 00 01 00 00 00 00 00 00
T$0E s1 f159 0E C2 AE 00 20 81 00 01 00 00 00 00 00 00
T$0E s1 f160 0E C3 AB 00 20 81 00 01 00 00 00 00 00 00
T$0E s1 f161 0E C4 A8 00 20 81 00 01 00 00 00 00 00 00
T$0E s1 f162 0E C5 A6 00 20 81 00 01 00 00 00 00 00 00
T$0E s1 f163 0E C6 A4 00 20 81 00 01 00 00 00 00 00 00
T$0E s1 f164 0E C7 A3 00 20 81 00 01 00 00 00 00 00 00
T$0E s1 f165 0E C8 A2 00 20 81 00 01 00 00 00 00 00 00
T$0E s1 f166 0E C9 A2 00 20 81 00 01 00 00 00 00 00 00
T$0E s1 f167 0E CA A2 00 20 81 00 01 00 00 00 00 00 00
T$0E s1 f168 0E CB A3 00 20 81 00 01 00 00 00 00 00 00
T$0E s1 f169 0E CC A4 00 20 81 00 01 00 00 00 00 00 00
T$0E s1 f170 0E CD A6 00 20 81 00 01 00 00 00 00 00 00
T$0E s1 f171 0E CE A8 00 20 81 00 01 00 00 00 00 00 00
T$0E s1 f172 0E CF AB 00 20 81 00 01 00 00 00 00 00 00
T$0E s1 f173 0E D0 AD 00 20 81 00 01 00 00 00 00 00 00
T$0E s1 f174 0E D1 B0 00 20 81 00 01 00 00 00 00 00 00
T$0E s1 f175 0E D2 B2 00 20 81 00 01 00 00 00 00 00 00
T$0E s1 f176 0E D3 B5 00 20 81 00 01 00 00 00 00 00 00
T$0E s1 f177 0E D4 B7 00 20 81 00 01 00 00 00 00 00 00
T$0E s1 f178 0E D5 BA 00 20 81 00 01 00 00 00 00 00 00
T$0E s1 f179 0E D6 BC 00 20 81 00 01 00 00 00 00 00 00
T$0E s1 f180 0E D7 BF 00 20 81 00 01 00 00 00 00 00 00
T$0E s1 f181 0E D8 C1 00 20 81 00 01 00 00 00 00 00 00
T$0E s1 f182 0E D9 C4 00 20 81 00 01 00 00 00 00 00 00
T$0E s1 f183 0E DA C6 00 20 81 00 01 00 00 00 00 00 00
T$0E s1 f184 0E DB C9 00 20 81 00 01 00 00 00 00 00 00
T$0E s1 f185 0E DC CB 00 20 81 00 01 00 00 00 00 00 00
T$0E s1 f186 0E DD CE 00 20 81 00 01 00 00 00 00 00 00
T$0E s1 f187 0E DD CE 00 20 81 00 01 00 00 00 00 00 00
T$0E s1 f188 0E DC CA 00 20 81 00 01 00 00 00 00 00 00
T$0E s1 f189 0E DB C6 00 20 81 00 01 00 00 00 00 00 00
T$0E s1 f190 0E DA C2 00 20 81 00 01 00 00 00 00 00 00
T$0E s1 f191 0E D9 BE 00 20 81 00 01 00 00 00 00 00 00
T$0E s1 f192 0E D8 BB 00 20 81 00 01 00 00 00 00 00 00
T$0E s1 f193 0E D7 B8 00 20 81 00 01 00 00 00 00 00 00
T$0E s1 f194 0E D6 B5 00 20 81 00 01 00 00 00 00 00 00
T$0E s1 f195 0E D5 B3 00 20 81 00 01 00 00 00 00 00 00
T$0E s1 f196 0E D4 B1 00 20 81 00 01 00 00 00 00 00 00
T$0E s1 f197 0E D3 AF 00 20 81 00 01 00 00 00 00 00 00
T$0E s1 f198 0E D2 AE 00 20 81 00 01 00 00 00 00 00 00
T$0E s1 f199 0E D1 AD 00 20 81 00 01 00 00 00 00 00 00
T$0E s1 f200 0E D0 AC 00 20 81 00 00 00 47 00 00 00 00
T$0E s1 f201 0E D0 AC 00 20 81 00 00 00 46 00 00 00 00
T$0E s1 f202 0E D0 AC 00 20 81 00 00 00 45 00 00 00 00
T$0E s1 f203 0E D0 AC 00 20 81 00 00 00 44 00 00 00 00
T$0E s1 f204 0E D0 AC 00 20 81 00 00 00 43 00 00 00 00
T$0E s1 f205 0E D0 AC 00 20 81 00 00 00 42 00 00 00 00
T$0E s1 f206 0E D0 AC 00 20 81 00 00 00 41 00 00 00 00
T$0E s1 f207 0E D0 AC 00 20 81 00 00 00 40 00 00 00 00
T$0E s1 f208 0E D0 AC 00 20 81 00 00 00 3F 00 00 00 00
T$0E s1 f209 0E D0 AC 00 20 81 00 00 00 3E 00 00 00 00
T$0E s1 f210 0E D0 AC 00 20 81 00 00 00 3D 00 00 00 00
T$0E s1 f211 0E D0 AC 00 20 81 00 00 00 3C 00 00 00 00
T$0E s1 f212 0E D0 AC 00 20 81 00 00 00 3B 00 00 00 00
T$0E s1 f213 0E D0 AC 00 20 81 00 00 00 3A 00 00 00 00
T$0E s1 f214 0E D0 AC 00 20 81 00 00 00 39 00 00 00 00
T$0E s1 f215 0E D0 AC 00 20 81 00 00 00 38 00 00 00 00
T$0E s1 f216 0E D0 AC 00 20 81 00 00 00 37 00 00 00 00
T$0E s1 f217 0E D0 AC 00 20 81 00 00 00 36 00 00 00 00
T$0E s1 f218 0E D0 AC 00 20 81 00 00 00 35 00 00 00 00
T$0E s1 f219 0E D0 AC 00 20 81 00 00 00 34 00 00 00 00
T$0E s1 f220 0E D0 AC 00 20 81 00 00 00 33 00 00 00 00
T$0E s1 f221 0E D0 AC 00 20 81 00 00 00 32 00 00 00 00
T$0E s1 f222 0E D0 AC 00 20 81 00 00 00 31 00 00 00 00
T$0E s1 f223 0E D0 AC 00 20 81 00 00 00 30 00 00 00 00
T$0E s1 f224 0E D0 AC 00 20 81 00 00 00 2F 00 00 00 00
T$0E s1 f225 0E D0 AC 00 20 81 00 00 00 2E 00 00 00 00
T$0E s1 f226 0E D0 AC 00 20 81 00 00 00 2D 00 00 00 00
T$0E s1 f227 0E D0 AC 00 20 81 00 00 00 2C 00 00 00 00
T$0E s1 f228 0E D0 AC 00 20 81 00 00 00 2B 00 00 00 00
T$0E s1 f229 0E D0 AC 00 20 81 00 00 00 2A 00 00 00 00
T$0E s1 f230 0E D0 AC 00 20 81 00 00 00 29 00 00 00 00
T$0E s1 f231 0E D0 AC 00 20 81 00 00 00 28 00 00 00 00
T$0E s1 f232 0E D0 AC 00 20 81 00 00 00 27 00 00 00 00
T$0E s1 f233 0E D0 AC 00 20 81 00 00 00 26 00 00 00 00
T$0E s1 f234 0E D0 AC 00 20 81 00 00 00 25 00 00 00 00
T$0E s1 f235 0E D0 AC 00 20 81 00 00 00 24 00 00 00 00
T$0E s1 f236 0E D0 AC 00 20 81 00 00 00 23 00 00 00 00
T$0E s1 f237 0E D0 AC 00 20 81 00 00 00 22 00 00 00 00
T$0E s1 f238 0E D0 AC 00 20 81 00 00 00 21 00 00 00 00
T$0E s1 f239 0E D0 AC 00 20 81 00 00 00 20 00 00 00 00
